8992 6818 7662 7742 7833 5795 5948 3629 3776 3864 3238 2469 2561 2687 2720 2639 2132 2341 666 289 665 444 166 16370 6534 5737 5405 4841 4614 4220 2707 8058 182 2252 2072 1774 2159 3221 10278 81 17615 16302 16263 15761 15083 14328 13959 13309 6848 6812 6849 6813 6850 6211 3959 3164 745 12849 84 17770 10808 10809 11648 16136 14626 17483 12992 10810 7291 4828 1294 1293 18226 
2869.55 mins
2870.53 km
22.67 km
2847.86 km

4399 4509 5814 13946 6862 4947 5266 5383 5855 6041 6426 6980 6946 8105 5810 9200 10034 8085 10002 9818 
686.71 mins
370.49 km
10.60 km
359.89 km

9488 9089 9010 8811 8542 8901 9193 8953 9295 9606 9483 9345 9194 9051 8902 8812 8677 9485 10182 10802 11691 12864 12865 13456 13206 12952 13637 13178 12752 14213 10895 17818 12571 17905 10172 10114 1248 8701 240 2212 1476 2096 3685 11517 15877 1669 16836 9005 14212 16381 
3058.37 mins
3865.24 km
17.93 km
3847.31 km

2881 4984 5717 6594 7075 7541 9095 2506 2774 3432 8239 4841 5405 5737 6534 16370 166 580 917 1062 1608 17377 7208 3145 4642 4890 6939 8054 8437 8899 9246 1167 9739 10567 11220 12864 13317 14159 14476 11918 15049 15726 16052 16552 16755 17094 523 910 2034 3577 5021 4488 8887 1611 1683 1730 4104 12113 13887 10350 15250 16517 8974 9170 9974 10267 11113 11253 6202 6904 7816 8073 10319 10503 11180 11514 616 1746 15822 3537 4377 5472 6028 7642 6073 6923 8662 9594 10236 10392 10391 10390 10389 10383 10388 10750 11210 11634 11682 11726 11725 11946 11945 11944 11984 11723 11724 11722 11721 11771 11352 16509 15084 13476 9499 3296 7273 11860 16914 17310 10787 2020 4168 17020 14437 4993 
4556.97 mins
3942.13 km
32.71 km
3909.42 km

14360 14654 14653 14652 9187 14651 7804 14732 351 1212 16995 3506 284 10276 11222 7666 7178 11249 171 8028 9251 9136 6176 5756 5796 2807 6772 16583 16710 16798 16846 15326 12344 12343 11012 14830 12168 12167 283 8364 6921 5703 6358 6357 6496 16720 6970 17557 17603 17908 17997 18046 18178 5965 10362 17508 8917 10676 11550 16171 17654 
3859.56 mins
4357.76 km
33.94 km
4323.82 km

7038 6643 6525 6054 5593 5458 5072 4959 8084 4215 3967 3515 3048 2669 2541 2319 2107 1702 1308 746 4280 321 426 18186 17762 17283 16838 16399 15994 15550 15629 15171 14743 14853 14371 14464 14050 13588 13122 12739 12454 12213 11893 11970 11671 11347 11019 11304 11420 11020 
1105.36 mins
721.62 km
11.83 km
709.78 km

2981 10374 9685 10647 13601 13408 16412 16850 16295 15836 16551 3322 3527 5122 3389 14694 13719 11014 7335 10428 16865 11807 2564 4697 9477 9406 9902 16975 872 4191 16884 13554 14429 14563 14620 17886 1377 6317 12763 7225 10601 10705 12356 17998 13596 7957 2553 5133 942 11748 17316 12618 17658 4407 8166 10811 9209 15111 10114 1248 8701 3910 4695 7209 8858 7699 12414 16687 2715 17222 17910 3842 3930 10770 9489 6219 17061 17173 17174 1639 17272 7351 9020 9704 10150 10309 14104 16437 15617 17268 2309 2347 2393 7347 7346 13991 3999 6893 6894 7287 12481 13738 18032 18122 676 1521 14748 14805 14807 14806 14861 14862 4450 7680 521 13334 110 2272 2476 2475 2474 2385 17946 
8010.90 mins
13178.95 km
36.33 km
13142.62 km

12019 8889 368 16590 17148 18208 17937 8853 7469 6449 1791 876 17981 12520 18056 2853 15326 12344 10063 7873 4795 2998 17432 15843 14619 13802 10990 9653 8609 7886 6787 3014 2333 1326 3555 13337 9831 8877 7866 6908 11483 5962 4568 4311 3650 3517 3465 3463 2582 10968 17933 2069 10021 1773 1539 1309 1098 749 373 324 18187 13421 17474 17183 16751 16346 16042 15671 15552 15123 14800 14411 14098 7071 6740 6505 6422 6177 5987 5626 5258 4944 4593 4246 4817 4855 4452 4040 3727 3342 2970 2643 2181 1020 17894 17455 13885 12116 6106 17113 16911 16472 15946 15574 15464 6664 15197 14773 3485 14181 4748 14632 17630 13517 13331 10205 13250 12525 11093 10528 10081 10034 9200 5810 8105 6946 6980 6426 6041 5855 5486 4821 4822 3788 3155 2917 2805 1731 3332 1133 1283 
4317.06 mins
4408.34 km
23.47 km
4384.87 km

5165 2826 2625 2357 1988 1989 1990 1991 1992 2030 2076 11366 704 18149 17389 15168 8270 14060 11768 10822 9126 6653 674 12694 14029 15427 2465 9687 16853 2555 12301 12425 12394 12353 14359 12354 1293 1294 1235 14131 14130 14129 14037 9913 6288 6287 6240 5999 5862 13727 18248 16675 16674 4356 16719 16718 16676 5585 5493 5441 5721 5526 8286 12188 15596 4091 10907 14941 17559 17419 850 9849 9937 10703 3363 
4613.63 mins
6473.79 km
31.42 km
6442.37 km

16541 16131 16226 15756 15880 15438 14957 14495 14049 13670 13749 13820 13903 14050 14096 13671 13782 13307 13400 13535 13627 12857 12938 13042 13199 13274 9288 6452 2088 12671 12740 5625 5138 5228 5335 5427 5528 4892 4944 5428 5666 5336 5576 5894 5577 5852 5989 6137 5758 5429 5380 4985 4649 4247 3912 4101 4454 4546 3067 8151 921 542 294 17259 17070 9231 8702 13071 2585 4976 2076 11366 704 18149 18148 18192 18099 18147 18063 6790 11051 1442 10156 17881 16753 16409 16408 16407 16081 15803 
2557.15 mins
1922.43 km
30.67 km
1891.76 km

12660 16449 9313 9278 9279 9280 9281 9314 15461 9315 16419 16420 16364 16363 13142 12869 9695 16617 6803 16388 15582 14792 14791 17089 15387 15485 3559 3832 4115 4458 4824 14226 1126 2590 7433 7344 7174 7546 
1951.80 mins
2556.05 km
23.84 km
2532.21 km

3868 17645 5659 13530 14278 14279 14191 14406 14585 7261 15432 15809 16180 16493 16834 16786 16787 16788 16790 17327 17915 18239 743 1190 1242 1243 1191 1192 1151 1094 1038 936 984 985 1095 1096 8324 8381 8475 8477 5248 8476 8430 8380 13320 18204 18262 7086 11896 13742 13743 13703 14027 14028 17067 623 3992 12361 3777 5526 8286 12188 15596 4091 10907 13969 17346 958 12618 17658 4407 8166 10811 9209 15111 10114 1248 8701 12102 6209 5243 16208 16207 16461 8645 11036 1485 12691 1484 1438 1611 17748 176 15137 
4939.95 mins
6989.78 km
41.38 km
6948.40 km

5914 17812 10484 5202 4719 15892 15891 15935 15936 15937 15566 2154 15877 11517 3685 2096 1476 2212 240 8701 1248 10114 15111 9209 10811 8166 4407 17658 12618 958 17346 13969 10907 4091 15596 12188 8286 5526 5721 5441 5493 5585 2980 1571 17786 10832 
3743.82 mins
6284.02 km
23.57 km
6260.45 km

7546 7174 7344 8014 8160 9057 11698 5979 12142 1776 15105 15106 244 3501 6552 7088 7087 7035 7086 18262 6661 6732 6731 6783 6730 6729 6728 6663 6662 17663 17662 17661 17660 17700 60 17788 17820 2673 10091 10012 16826 16740 16609 16283 16030 15264 14894 14893 17484 17355 9068 4485 16938 17356 
2498.56 mins
3273.35 km
20.05 km
3253.31 km

8291 9026 13763 8197 7633 7479 7425 7214 7632 7585 7852 7586 7424 7331 7947 8814 9094 3869 688 10490 10658 10841 10805 11225 11224 11273 11271 11272 18245 4867 25 139 324 373 749 1098 1309 1539 1773 10021 2069 17933 10968 2582 3463 3465 3517 3650 4311 4568 5962 11483 6908 7866 8877 9831 13337 3555 1326 2333 3014 6787 7886 8609 9653 10990 13802 14619 15843 17432 2998 4795 7873 10063 12344 15326 2853 18056 12520 17981 876 1791 6449 7469 8853 17937 18208 17148 16590 368 8889 9052 7257 12392 9829 13075 1915 1867 1868 5192 1869 17322 17267 17268 15617 9643 14474 14475 14472 14418 14417 9910 3293 3292 3291 17330 17647 14979 5673 168 507 16664 947 15023 7083 
5313.41 mins
6551.91 km
28.11 km
6523.81 km

7352 7811 8732 9020 7351 17272 1639 17174 17173 17061 6219 9489 10770 3930 3842 17910 17222 2715 16687 12414 7699 8858 7209 4695 3910 8701 1248 10114 15111 9209 10811 8166 4407 17658 12618 958 17346 13969 10907 11077 10759 10758 10723 8958 13564 16202 3373 12034 6674 5630 13318 4686 114 9412 7500 16305 15724 11962 6928 
3701.82 mins
6059.48 km
7.04 km
6052.44 km

9625 10234 3113 3414 12915 14611 11436 10553 8377 7992 6120 2909 14424 12356 10705 10601 7225 12763 6317 1377 17886 14620 14563 14429 13554 16884 4191 872 16975 9902 9406 9477 4697 2564 11807 16865 10428 7335 16800 188 222 13005 2928 11543 11698 9057 8160 7433 2590 1126 14226 4824 4458 4115 3832 3559 15485 15387 17089 14791 13393 11050 9921 8173 3120 14795 14796 16927 
3956.60 mins
5861.60 km
34.19 km
5827.42 km

14583 7472 2985 3076 5053 2397 16194 16590 368 11487 1114 1380 2784 3092 4802 4758 5129 7157 7997 9691 9939 10559 10560 10707 3422 3364 2721 3255 5288 11628 3052 3126 3524 3663 13718 14538 6699 3892 2904 8207 
2412.32 mins
2950.89 km
24.04 km
2926.84 km

15904 1970 11566 11685 11728 11246 15763 15888 15502 14057 13867 13789 3201 11895 15137 176 17748 1611 1438 1484 12691 1485 11036 8645 16461 16207 16208 5243 6209 12102 8701 1248 10114 15111 9209 10811 8166 4407 17658 12618 6497 2919 4878 8993 
2890.97 mins
3834.25 km
27.10 km
3807.14 km

18251 7880 2632 14665 14666 5643 11676 9841 8575 8365 6398 2260 35 11284 9618 9154 8206 3919 457 11719 9516 8712 6920 4023 230 15292 12104 11903 13639 4719 15892 15891 15935 15936 15937 15566 2154 15877 11517 3685 2096 1476 2212 240 8701 1248 10114 15111 9209 10811 8166 4407 17658 12618 958 17346 13969 10907 4091 15596 12188 8286 5526 5721 5441 5493 5585 16676 16718 16719 4356 16674 16675 18248 13727 13094 5272 314 17660 17700 60 17788 17820 7663 17870 14382 8272 9150 11507 17907 11602 10905 9806 11452 11554 15238 8256 5417 5055 4028 751 2413 1866 818 716 18012 17443 17104 16945 16634 15771 3743 15773 15772 
6663.09 mins
10166.79 km
27.80 km
10139.00 km

82 2612 10029 4383 6319 1365 9024 5457 5542 16687 12414 7699 8858 7209 4695 3910 8701 1248 10114 15111 9209 10811 8166 4407 17658 12618 958 17346 13969 10907 14941 17559 11141 11142 11009 17840 
3057.10 mins
4456.71 km
46.26 km
4410.45 km

9958 3122 465 6510 8759 8045 7458 6497 12618 17658 4407 8166 10811 9209 15111 10114 1248 8701 3910 4695 7209 8858 7699 12414 16687 2715 17222 17910 3842 3930 10770 9489 6219 17061 17173 17174 1639 17272 7351 9020 9704 10150 10309 14104 16437 15617 17268 17267 17322 1869 5192 1868 1867 1915 13075 9829 12392 7257 9052 8889 368 11487 1114 1380 2784 3092 4802 4758 5129 7157 7997 9691 10901 11900 14019 16003 1215 3581 3857 14951 3918 2567 14950 14949 9821 14948 14947 14946 14945 14944 14943 15005 15004 15003 15002 14604 14603 14152 14151 14150 14149 14099 14148 14146 14545 14596 14595 14544 14543 14594 
6309.91 mins
9256.24 km
46.22 km
9210.02 km

13387 930 17819 1259 567 613 438 18202 16361 17732 16003 12010 15591 15508 8253 8554 8499 8350 8686 8118 8211 8251 8296 8349 8348 9474 7976 7917 14953 7975 7974 7973 7972 7971 7009 6956 6648 6207 5870 5918 
2299.95 mins
2369.34 km
23.68 km
2345.66 km

2905 2358 2625 2357 1988 1989 1990 1991 1992 2030 2076 4976 2585 13071 8702 9231 17070 17259 294 542 921 8151 3067 4546 4454 4101 3912 4247 4649 4985 5380 5429 5758 6137 5989 5852 5577 5894 5576 5336 5666 5428 4944 4892 5528 5427 5335 5228 5138 5625 12740 12671 2088 6452 9288 13274 13199 13042 12938 12857 13627 13535 13400 13307 13782 13671 14096 14050 14464 14371 14853 14743 15171 15629 15550 15994 16399 16838 17283 17762 18186 426 321 218 77 603 463 320 861 1307 1739 2156 2065 2497 9740 10181 914 10074 10075 9949 9899 9770 9699 10122 10076 9995 9900 6578 9487 9250 9656 9488 9089 9010 8811 8542 8901 9193 8953 9295 9606 9483 9345 9194 9051 8902 8812 8677 9485 10182 10802 11691 12864 12865 13456 13206 12952 13637 13178 12752 14213 10895 17818 12571 17905 10172 10114 
4305.53 mins
4060.79 km
24.59 km
4036.19 km

8418 16918 16627 12089 11736 9042 10483 8028 9251 7534 13438 1475 2472 2603 10934 9922 10267 9974 9170 8974 16517 15250 10350 13887 12113 4047 18157 1484 12691 1485 11036 8645 16461 16207 16208 5243 6209 12102 8701 1248 10114 15111 9209 10811 8166 4407 17658 12618 958 17346 13969 10907 4091 15596 12188 8286 5526 5721 5441 5493 5585 16676 16718 16719 4356 16674 16675 18248 13727 13094 5272 314 17660 17175 15635 15040 3638 14646 13578 13508 13230 11107 9500 9553 9110 8738 7767 7300 6949 6988 6613 6669 6342 5864 5389 
5098.68 mins
7772.25 km
22.24 km
7750.01 km

13469 12647 11000 9868 3977 13076 17314 9497 9146 8957 11093 10528 10081 10034 13193 11227 11879 9750 47 4395 12267 12194 11829 12032 16792 11696 11828 11993 11915 11541 11367 11330 3938 11092 10960 10572 10492 9454 2995 606 561 605 
1358.81 mins
995.49 km
16.51 km
978.98 km

3446 8009 11447 14568 1635 2177 2912 9695 12869 16418 16556 1264 1325 8186 8283 8380 13320 18204 18262 7086 11896 13742 13743 13703 14027 14028 17067 623 3992 12361 3777 5526 8286 12188 15596 4091 10907 13969 17346 958 12618 17658 4407 8166 10811 9209 15111 10114 1248 8701 12102 6209 5243 16208 16207 16461 8645 11036 1485 12691 1484 18157 4047 12113 13887 10350 15250 16517 8974 9170 9974 10267 9922 10934 2603 2472 1475 103 17500 15787 1388 7514 5756 5796 2807 6772 16583 16710 16798 12521 12561 
5562.85 mins
9104.74 km
20.30 km
9084.43 km

14682 8213 8357 16678 8739 14846 741 4955 5064 12426 17193 17555 5221 5611 12301 12425 12394 12353 14359 12354 1293 1294 4828 7291 10810 12992 17483 14626 16136 11648 10809 10808 17770 84 12849 745 3164 3959 6211 6850 6813 6849 6812 6848 13309 13959 14328 15083 15761 16263 16302 17615 81 10278 3221 2159 1774 2072 2252 182 8058 2707 4220 4614 4841 5405 5737 6534 16370 166 580 917 1062 1608 17377 7208 3145 4642 4890 6939 7018 9839 5714 5176 5175 5891 5621 
4409.20 mins
4854.51 km
49.98 km
4804.54 km

18181 9004 4388 2130 7722 5924 7723 537 538 539 483 720 581 10332 6014 2346 13189 10066 10113 4739 10114 15111 9209 10811 8166 4407 17658 12618 958 17346 13969 10907 4091 15596 15784 4874 5792 5825 16015 15613 15612 9212 3933 8900 12311 
3905.96 mins
6003.58 km
45.98 km
5957.61 km

103 1475 2472 2603 10934 9922 10267 9974 9170 8974 16517 15250 10350 13887 12113 4047 18157 1484 12691 1485 11036 8645 16461 16207 16208 5243 6209 12102 8701 1248 10114 15111 9209 10811 8166 4407 17658 12618 958 17346 13969 10907 4091 15596 12188 8286 5526 3777 12361 3992 623 17067 14028 14027 13703 13743 10212 7087 7035 17853 17418 15382 9001 
3979.99 mins
6095.84 km
28.17 km
6067.67 km

5502 9387 10178 10790 11261 11025 6595 3836 7537 1756 2761 3199 2881 1681 7915 14989 17552 7051 4529 7202 6561 3580 1590 2215 17624 17623 17622 17620 17619 17621 2678 16849 17676 17720 12206 17723 17721 17722 17724 17725 18195 17727 3280 17770 10808 10809 11648 16136 14626 17483 12992 10810 7291 4828 1294 1293 12354 14359 12353 12394 12425 12301 5611 5221 6222 5063 15274 3512 794 14903 6689 16365 17365 2752 9341 7750 7698 8049 855 854 853 857 856 
4703.12 mins
6100.12 km
40.70 km
6059.43 km

6863 15436 5762 13720 3958 9972 15990 6016 8672 4617 4574 10242 2631 11076 4620 3892 6699 14538 13718 3663 3524 3126 3052 11628 5288 3255 2721 3364 
1169.49 mins
1118.11 km
10.73 km
1107.38 km

16192 16263 16302 17615 81 10278 3221 2159 1774 1245 17166 11474 15721 7814 17924 16890 15017 14414 14009 12945 12858 12744 12595 10743 488 17552 14989 12034 3373 16202 13564 8958 10723 10758 10759 11077 10907 14941 17559 17419 1817 6317 653 16076 6903 9766 9988 9585 9650 8946 4651 12848 9022 6241 11897 10340 6071 14820 17705 3390 7569 3566 16831 1233 3838 4561 
4414.16 mins
6062.06 km
34.88 km
6027.18 km

2867 2028 1940 17424 1206 17386 5167 9442 8610 8808 9000 9129 8141 8226 8607 8539 7886 6787 3014 2333 1326 3555 13337 9831 8877 7866 6908 11483 5962 4568 4311 3650 3517 3465 3463 2582 10968 17933 2069 10021 1773 1539 1309 1098 749 373 324 139 25 4867 18245 11272 11271 11273 11224 11225 10805 10841 10658 10490 688 3869 9094 8814 7947 7331 6328 5990 4595 4201 3824 3500 3103 2798 2473 2182 1279 921 542 294 17259 17070 9231 8702 13071 2585 4976 2076 11366 704 18149 17389 15168 8270 14060 11768 10823 10824 10825 10942 10883 11022 11199 11570 12173 12174 11932 
3473.10 mins
2832.52 km
17.69 km
2814.83 km

14523 14579 16281 10374 2981 6463 6514 8824 9965 2207 5421 10036 2098 9830 9921 9968 10095 15582 16388 6803 16617 9695 12869 16418 16556 1264 1325 8186 8283 8380 13320 13375 13415 42 91 6730 6729 6728 6663 6662 17663 18044 18087 314 5272 5449 5677 5999 6240 6287 6288 9913 14037 14129 14130 14131 1235 1294 4828 7291 10810 10323 11741 13892 14634 8208 16565 11515 17947 3560 4461 1060 11930 11662 17900 17901 17904 10221 
4041.04 mins
5953.66 km
17.55 km
5936.11 km

2493 9280 10094 10266 11705 13852 14042 14363 14906 15747 15817 15988 15816 708 6125 15815 15814 15813 16789 17279 17916 17915 18239 743 1190 1150 1149 1148 1697 1665 1664 1663 1662 1660 1661 1659 1619 2018 1975 1933 1900 1899 1898 3077 2991 15441 2940 14113 
1564.00 mins
1159.38 km
7.15 km
1152.23 km

3814 3720 3333 3188 9713 6815 2372 12307 1425 1057 870 528 234 160 3 18161 18076 17495 16947 16859 16240 16152 15594 15056 14480 13974 13606 13181 12726 12365 11990 11907 11824 11689 16907 11324 10754 10294 10181 914 10074 10075 9949 9899 9448 9348 9249 9088 9009 8810 8952 8809 7423 8614 8192 8051 7577 7532 7242 6879 6501 6274 5890 5620 5375 5044 4589 4035 3775 3627 3337 3193 3062 2597 1519 1473 1223 1177 664 166 16370 6534 5737 5405 4841 8239 3432 2774 2506 9095 7541 7075 6594 5717 12391 488 17552 14989 12034 6674 5630 2976 1039 6102 15577 14220 8205 7054 5585 2980 1571 17786 17170 6661 18262 18204 13320 8380 8283 15425 15355 14843 14842 14402 2785 10153 
4223.78 mins
4527.85 km
23.63 km
4504.22 km

3956 3999 13991 7346 7347 2393 2347 2309 17268 15617 16437 14104 10309 10150 9704 9020 7351 17272 1639 17174 17173 17061 6219 9489 10770 3930 3842 17910 17222 2715 16687 12414 7699 8858 7209 4695 3910 8701 1248 10114 15111 9209 10811 8166 4407 17658 12618 958 17346 13969 10907 4091 15596 12188 8286 5526 3777 15358 2134 2099 1463 536 17499 13977 16600 9906 7218 6712 6552 3501 244 15106 15105 1776 12142 5979 
4814.01 mins
7773.77 km
20.44 km
7753.33 km

44 6732 6661 17170 17786 1571 2980 5585 5493 5441 5721 5526 8286 12188 15596 4091 10907 13969 17346 958 12618 17658 4407 8166 10811 9209 15111 10114 1248 8701 240 2212 1476 2096 3685 11517 
2940.82 mins
4767.31 km
30.93 km
4736.38 km

1093 1148 1697 1698 2196 2731 2769 3258 3304 3305 3366 3927 3964 4517 4998 5452 5910 6389 6342 6669 6613 6988 6949 7300 7767 8738 9110 9553 9500 11107 13230 13508 13578 14646 3638 15040 15635 17175 17660 314 5272 13094 13727 18248 17142 17178 18115 7003 8655 8942 9385 9579 5304 15178 73 17340 17726 18195 16235 8920 5557 6486 6575 6813 6849 6812 6848 13309 13959 14328 15083 15761 16263 16302 17615 81 10278 5152 3223 4745 5240 5012 5212 5351 5734 5967 6303 6954 7360 8794 9322 9377 9884 10371 10633 11053 13245 11382 11615 11805 11847 12007 
3149.62 mins
2886.06 km
12.34 km
2873.72 km

11300 1463 2099 2134 15358 3777 5526 8286 12188 15596 4091 10907 13969 17346 958 12618 17658 4407 8166 10811 9209 15111 10114 4739 10113 10066 13189 2346 6014 10332 581 720 483 539 538 537 7723 5924 7722 2130 4388 9004 18181 5394 11745 17703 737 9714 7993 
3793.20 mins
6378.87 km
27.64 km
6351.22 km

8714 9985 10517 10557 10071 10601 7225 12763 6317 1377 17886 14620 4417 4123 4266 17887 10334 15596 12188 8286 5526 5721 5441 5493 5585 16676 16718 16719 4356 16674 16675 18248 13727 13094 5272 314 17660 17700 60 17788 17820 7663 17870 14382 8272 9150 11507 17907 11602 10905 10904 10903 10902 10838 8190 
3402.82 mins
4751.31 km
41.59 km
4709.72 km

5109 5231 2705 14738 5935 15334 10706 8449 
271.21 mins
113.68 km
8.55 km
105.13 km

7115 7332 6976 7025 6887 6455 6744 6278 6591 2205 4785 6181 5990 6328 7331 7947 8814 9094 3869 688 10490 10658 10841 10805 11225 11224 11273 11271 11272 18245 4867 25 139 324 373 749 1098 1309 1539 1773 10021 2069 17933 10968 2582 3463 3465 3517 7285 3313 12220 187 3427 3312 
1652.30 mins
1034.67 km
18.81 km
1015.85 km

7888 17117 3531 16478 3638 15040 15635 17175 17660 314 5272 13094 13727 18248 16675 16674 4356 16719 16718 16676 5585 5493 5441 5721 5526 8286 12188 15596 4091 10907 13969 17346 958 12618 6497 7458 8045 9936 12467 13641 
2338.66 mins
3711.84 km
14.08 km
3697.76 km

8302 9165 10095 15582 16388 6803 16617 9695 12869 16418 16556 1264 1325 8186 8283 8380 13320 18204 18262 6661 17170 17786 1571 2980 5585 7054 
1562.78 mins
2242.73 km
17.84 km
2224.89 km

10859 14769 6837 7110 9056 10004 10921 10922 2082 1993 6878 2120 433 15361 13726 9197 14674 6676 6752 2529 931 9582 6121 6123 6219 9489 10770 3930 3842 15160 11389 9400 5422 13531 11343 9974 10267 9922 
2978.54 mins
4506.67 km
38.43 km
4468.24 km

3713 4347 6707 412 3448 5205 5381 7027 5944 10000 13694 13934 13977 17499 536 1463 2099 2134 15358 3777 5526 8286 12188 15596 4091 10907 13969 17346 958 12618 17658 4407 8166 10811 9209 15111 10114 1248 8701 3910 4695 7209 8858 7699 12414 16687 2715 17222 17910 3842 3930 10770 15188 7312 10813 3391 1270 3480 1080 11005 3439 223 13231 570 285 11514 616 1746 15822 3537 4377 5472 6028 6029 6872 7746 
4555.39 mins
6346.35 km
34.29 km
6312.06 km

8519 8523 8520 8524 8521 7967 7968 13477 12444 7969 7970 7971 7972 7973 7974 7975 14953 7917 7976 9474 8348 8349 8296 4954 3255 2721 3364 3422 10707 10560 10559 9939 9691 7997 7157 5129 4758 4802 3092 2784 1380 1114 11487 368 16590 16194 2397 5053 3076 2985 7472 15837 5253 4585 7996 364 2685 2375 827 772 7960 9136 9251 7534 13438 1475 2472 2603 10934 9922 10267 9974 9170 8974 16517 15250 10350 13887 12113 4104 1730 1683 1611 8887 4488 5021 3577 2034 910 523 17094 16755 16552 
4760.20 mins
5969.63 km
19.78 km
5949.85 km

16345 16448 16581 17004 17473 17878 80 558 646 749 1098 1309 1539 1773 10021 2069 17933 10968 2582 3463 3465 3517 3650 4311 4568 5962 11483 6908 7866 8877 9831 13337 3555 1326 2333 3014 6787 7886 8539 8607 8226 8141 9129 9000 8808 8610 9442 10843 2622 11581 11728 11246 15763 15888 15502 14057 13867 13585 14888 16301 2247 2125 7925 17971 3181 3802 12569 15787 17500 103 1475 2472 2603 10934 9922 10267 9974 11343 13531 5422 9400 11389 15160 3842 3930 10770 9489 6219 9690 14511 17808 1321 9503 3183 9755 2324 7737 7989 
4211.89 mins
4892.12 km
23.52 km
4868.60 km

3481 14729 6803 16617 9695 12869 13142 16363 16364 16420 16419 9315 15461 9314 9281 9280 2493 2491 14193 14192 7022 3080 7069 10926 17988 17077 7068 7021 12607 7020 7937 18057 18002 18059 17969 1410 6436 6301 4879 
2525.25 mins
4057.58 km
18.44 km
4039.14 km

2772 7233 11567 13861 14004 7027 5944 10000 13694 13934 13977 17499 536 1463 2099 2134 15358 3777 5526 8286 12188 15596 4091 10907 13969 17346 958 12618 17658 4407 8166 10811 9209 15111 10114 1248 8701 3910 4695 7209 8858 7699 12414 16687 2715 17222 17910 3842 3930 10770 9489 6219 6123 6121 9582 931 2529 6752 6676 14674 9197 13726 15361 433 2120 6878 1993 2082 10922 10921 
4912.33 mins
7707.72 km
44.63 km
7663.09 km

8335 8202 8157 8156 8105 6946 6980 6426 6041 5855 5383 5266 4947 6862 13946 5814 8934 1474 15965 3935 5702 5534 4461 3560 17947 11515 16565 8208 14634 13892 11741 10323 10810 7291 4828 1294 1235 14131 14130 14129 14037 9913 6288 6287 6240 5999 5677 5449 5272 314 18087 18044 17663 6662 6663 6728 6729 6730 91 42 13415 
2691.49 mins
2978.18 km
18.25 km
2959.92 km

5569 17546 17587 10775 10816 10935 11016 3685 2096 1476 2212 240 8701 1248 10114 15111 9209 10811 8166 4407 17658 12618 958 17346 13969 10907 4091 15596 12188 8286 5526 5721 5441 5493 5585 16676 16718 16719 4356 16674 16675 18248 13727 13094 5272 314 17660 17700 60 17788 17820 7663 17870 14382 8272 9150 11507 17907 11602 10905 9806 11452 11554 15238 8256 5417 5055 4028 18212 14102 10413 7154 3986 15050 9225 15770 15729 8505 1533 1449 13115 13082 9878 6436 1410 17969 11090 
5864.45 mins
9848.81 km
26.02 km
9822.79 km

1396 15363 1387 11886 3411 13096 93 17054 16897 9236 5789 16177 9333 15632 11098 14780 15419 8117 8732 9020 7351 17272 1639 17174 17173 17061 6219 6123 6121 13257 13256 13255 13258 13228 13155 13154 13113 13114 13112 13111 8180 1947 1946 11488 6433 1945 8025 1944 1943 10068 1942 2009 2084 764 3809 11010 3921 4665 4811 
3057.03 mins
4008.27 km
10.22 km
3998.05 km

10530 10765 10531 10086 9745 9602 9207 11454 10916 10571 11279 8113 7415 7258 13316 13640 12017 8043 7008 6968 17993 16312 17994 18045 18088 18089 18090 7887 825 15567 11154 14268 11155 11156 11217 11218 3843 3842 15160 11389 9400 5422 13531 11343 9974 10267 9922 10934 2603 2472 1475 103 17500 15787 1388 7514 5756 5796 2807 6772 16583 16710 16798 16846 15326 12344 12343 11012 14830 12168 12167 283 8364 6921 5703 6358 6357 6496 12398 5275 4958 4905 6130 6080 6272 6129 17085 17084 13819 7305 14000 281 8643 
5829.01 mins
8577.17 km
16.14 km
8561.03 km

3536 3537 15822 1746 616 11514 285 570 13231 223 3439 11005 1080 3480 1270 3391 10813 7312 15188 10770 3930 3842 3843 11218 11217 11156 11155 14268 11154 15567 825 7887 18090 18089 18088 18045 17994 16312 17993 6968 7008 6920 14087 14086 14085 
3048.84 mins
4251.02 km
19.50 km
4231.52 km

14526 14735 14893 14894 15264 16030 16283 16609 16740 16826 10012 10091 2673 17820 17788 60 17700 17660 314 5272 13094 13727 18248 17142 17178 18115 7003 8655 8942 9385 9579 5304 15178 73 17340 17726 18195 16235 8920 5557 6486 6575 6813 6849 6812 6848 13309 13959 14328 15083 15761 16263 14258 3613 998 2898 2317 3750 3799 3971 4176 4480 17057 16014 5816 8517 8926 9789 10052 10509 11302 12004 12705 12782 13488 3706 14140 14588 15077 15549 15957 16398 16837 17282 17761 18139 371 860 8541 9049 9134 9659 10075 10074 914 10181 10294 10754 11324 16907 11689 11824 11907 11990 12365 12726 13181 13606 13974 14480 15056 15594 16152 16240 16859 16947 17495 18076 18161 3 160 234 394 573 916 1117 1469 1748 1825 2126 2174 2333 3014 6787 7886 8609 9653 10990 13802 14619 15843 17432 2998 4795 7873 10063 12344 15326 2853 18056 12520 17981 876 1791 6449 7469 8853 17937 18208 475 11487 1114 1380 2784 3092 4802 4758 5129 7157 7997 9691 9939 10559 10560 10707 3422 3364 2721 3255 5288 11628 3052 3126 3524 3663 13718 14538 6699 3892 2904 2190 
7033.71 mins
7643.36 km
25.87 km
7617.49 km

15966 4028 5055 5417 8256 15238 11554 11452 9806 10905 11602 17907 11507 9150 8272 14382 17870 7663 17820 17788 60 17700 17660 314 5272 13094 13727 18248 16675 16674 4356 16719 16718 16676 5585 5493 5441 5721 5526 8286 12188 15596 10334 17887 4266 4123 4417 14620 17886 1377 6317 653 16076 6903 9766 9988 9585 9650 12797 12721 
3632.89 mins
5154.28 km
36.00 km
5118.28 km

6489 6537 8317 6215 11675 12544 16935 9061 1371 2027 2741 3126 3524 3663 13718 14538 6699 3892 3891 3662 2902 2901 14033 13812 13839 12880 12979 13067 17361 17458 17360 10333 10335 10223 13448 2128 17253 7457 
2562.94 mins
2840.24 km
33.66 km
2806.58 km

3300 9022 12848 14230 14892 17954 1444 4711 14639 14731 14940 7834 7879 7992 8377 9847 9893 11681 7809 8166 10811 9209 15111 10114 10172 17905 12571 17818 10895 14213 12752 13178 13637 12952 13206 13456 12865 12864 13317 14159 14419 14752 15091 5930 15725 15999 16308 16367 11899 11129 13383 16809 16948 17059 17250 17686 17779 18021 17738 17400 17584 17778 17848 16903 16195 16422 15847 14390 13929 13975 14749 14076 14171 14253 14389 14480 14566 14677 14765 14924 14980 14515 14075 7038 6643 6718 6804 6907 6472 6564 6644 6719 6908 7039 7093 7304 8512 8560 8558 8559 8509 8513 8510 8511 11555 5658 12495 12625 12851 12895 13039 18189 10643 16873 
5535.14 mins
6592.77 km
51.40 km
6541.37 km

5509 5292 7548 5867 1080 11005 3439 4537 5786 7109 8760 17271 4362 7759 687 847 3420 527 15632 9333 16177 5789 9236 16897 17733 18009 315 1870 1869 5192 1868 1867 1915 13075 9829 12392 7257 9052 8889 368 11487 1114 1380 2784 3092 4802 4758 5129 7157 7997 9691 10901 11900 14019 16003 1215 3581 3857 14951 3918 2567 14950 14949 9821 14948 14947 14946 14945 14944 
3337.83 mins
4449.72 km
20.48 km
4429.24 km

13228 13155 13154 13227 1530 785 8755 8756 10084 2530 277 17926 2082 10922 10921 10004 9056 7110 6837 14769 10859 8109 
1925.60 mins
2019.27 km
44.16 km
1975.11 km

8705 8584 3884 2575 9470 9797 10825 10824 10823 11768 14060 8270 15168 17389 18149 704 11366 2076 4976 2585 13071 8702 9231 17070 17259 294 542 921 1279 2182 2473 2798 3103 3500 3824 4201 4595 5990 6328 7331 7947 8814 9094 3869 688 10490 10658 10841 10805 11225 11224 11273 11271 11272 18245 4867 25 139 324 373 749 1098 1309 1539 1773 10021 2069 17933 14535 9816 2578 2911 2920 18249 4313 4422 4742 5003 5119 5399 5774 6010 6764 6805 6951 7188 8513 8510 8511 11555 5658 12495 12625 12851 12895 13039 12450 13233 6130 6080 6272 
3635.13 mins
2765.20 km
27.34 km
2737.86 km

2857 4209 4208 4415 6758 8971 9425 11174 12203 14274 15074 15621 16611 17187 17661 314 5272 13094 13727 18248 17142 17178 18115 7003 8655 8942 9385 9579 5304 15178 73 17340 17726 18195 16235 8920 5557 6486 6575 6813 6849 6812 6848 13309 13959 14328 15083 15761 16263 14258 3613 998 2898 2317 3750 3799 3971 4176 4480 17057 16014 5816 8517 8926 9789 10052 10509 11302 12004 12705 12782 13488 3706 14140 14588 15077 15120 15627 13705 15667 15668 15823 16225 16653 17086 17610 17666 18140 22 463 938 1417 1849 2249 2319 2449 2620 2736 2896 3427 187 12220 3313 7285 3517 3568 12208 9106 4669 15639 4742 5003 5119 5399 5774 6010 6764 6805 6951 7188 8513 8510 8511 11555 5658 12495 12625 12851 12895 13039 12450 13233 6130 6080 6272 6129 17085 17084 17083 1155 3287 17038 1244 1575 4186 8181 18156 18200 88 435 1169 16781 13894 14224 14488 17366 17116 2432 13594 15690 6895 12979 13067 17361 17458 922 2429 3152 3243 7118 7635 382 5686 7868 
7759.92 mins
9521.46 km
32.83 km
9488.63 km

7000 14817 294 17259 17070 9231 8702 13071 2585 4976 2076 11366 704 18149 18148 18192 18099 18147 18063 17882 17136 16265 16451 16048 15722 
1037.46 mins
791.02 km
13.96 km
777.06 km

1846 1494 1302 1194 936 18138 17121 16393 15989 15747 14906 14363 14042 13852 11705 10266 10094 9280 2493 2491 14193 14192 7022 3080 7069 10926 17988 17077 7068 7021 12607 7020 7937 18057 18002 18059 17969 
2288.01 mins
2430.77 km
29.27 km
2401.50 km

13213 13607 6091 4536 13556 13929 14390 15847 16422 16195 16903 17848 17778 17584 17400 17738 18021 97 440 198 441 347 18162 937 17740 237 576 1552 2122 1673 2361 4923 3577 5021 4488 8887 1611 1438 1484 12691 1485 11036 8645 16461 16207 16208 5243 6209 12102 8701 240 2212 1476 2096 3685 11016 10935 10816 10775 17587 17546 5569 6152 9556 18119 16557 10445 5394 11745 17703 
4117.31 mins
6129.91 km
30.47 km
6099.44 km

13337 3555 1326 2333 3014 6787 7886 8609 9653 10990 13802 14619 15843 17432 2998 4795 7873 10063 12344 15326 2853 18056 12520 17981 876 1791 6449 7469 8853 17937 18208 475 11487 1114 1380 2784 3092 4802 4758 5129 7157 7997 9691 10901 11900 14019 16003 1215 3581 3857 14951 3918 
3003.03 mins
3734.65 km
41.50 km
3693.16 km

737 738 739 791 848 12062 12063 12064 2401 12104 11903 13639 4719 15892 15891 15935 15936 15937 9024 1365 6319 4383 7205 11217 11218 3843 3842 3930 10770 15188 7312 10813 3391 1270 3480 1080 11005 3439 223 13231 570 285 11514 616 1746 15822 3537 4377 5472 6028 7642 6073 6923 6924 6922 6868 7881 6822 6866 7790 6867 2647 16673 9588 9781 8823 6353 14880 
3778.05 mins
5422.29 km
27.06 km
5395.23 km

10299 10300 10613 10716 10490 688 3869 9094 8814 7947 7331 6328 5990 4595 4201 3824 3500 3103 2798 2473 2182 1279 921 542 294 17259 17070 9231 8702 13071 2585 4976 2076 11366 704 18149 17389 15168 8270 14060 11768 10822 9126 6653 674 12694 14029 15427 2465 9687 16853 2555 12301 5611 5221 17555 17193 12426 10792 1446 132 15075 8505 1533 1449 13115 
3090.12 mins
3554.23 km
28.40 km
3525.83 km

5722 8910 3704 8863 8864 9662 10526 12192 12324 13978 17588 408 1679 12875 4155 4502 7022 3080 7069 10926 17988 17077 7068 7021 12607 7020 7937 18057 9142 15741 10789 1440 2000 3624 8763 15729 8505 15075 132 1446 10792 12426 17193 17555 5221 5611 12301 2555 16853 9687 2465 15427 14029 12694 674 6653 9126 10822 11768 14060 8270 15168 17389 18149 704 11366 2076 4976 2585 13071 8702 9231 17070 17259 294 542 921 1279 2182 2473 2798 3103 3500 3824 4201 4595 5990 6328 7331 7947 8814 9094 3869 688 10490 10658 10841 10805 11225 11224 11273 11271 11272 18245 4867 25 139 324 373 749 1098 1309 1539 1773 10021 2069 17933 14535 9816 2578 2911 2920 18249 4313 4422 4742 5003 5119 5399 5774 6010 6764 6805 6951 7188 8513 8510 8511 11555 5658 12495 12625 12851 12895 13039 12450 13233 6130 6080 6272 6129 17085 17084 13819 7305 14000 5527 13270 9161 13855 14281 
6966.82 mins
8190.39 km
12.42 km
8177.96 km

12536 11798 5239 4072 3428 1200 16499 16498 16543 16542 11617 11306 10596 10059 9718 8696 14862 709 11068 1284 1090 1073 18083 17597 12731 11765 2513 1996 17732 16003 14019 11900 10901 9691 7997 7157 5129 4758 4802 3092 2784 1380 1114 11487 475 18208 17937 8853 7469 6449 1791 876 17981 12520 18056 2853 15326 12344 10063 7873 4795 2998 17432 15843 14619 13802 10990 9653 8609 7886 6787 3014 2333 1326 3555 13337 9831 8877 7866 6908 11483 5962 4568 4311 3650 3517 3465 3463 2582 10968 17933 2069 10021 1773 1539 1309 1098 749 373 324 139 25 4867 18245 11272 11271 11273 11224 11225 10805 10841 10658 10490 688 3869 9094 8814 7947 7331 6328 5990 4595 4201 3824 3500 3103 2798 2473 2182 1279 921 542 294 17259 17070 9231 8702 13071 2585 4976 2076 11366 704 18149 17389 15168 8270 14060 11768 10822 9126 6653 674 12694 14029 15427 2465 9687 16853 2555 12301 12425 7061 5655 4439 5006 17244 1322 10837 13300 7373 3985 3986 15050 9225 15770 15730 15772 15773 3743 15771 14715 13829 13657 13770 3135 13240 15878 819 14778 9874 7 
8360.20 mins
10496.69 km
30.80 km
10465.89 km

17412 11377 4910 14186 7122 14187 8278 11831 9963 3809 764 2084 2009 1942 10068 1943 1944 13457 13504 12833 5727 4829 2929 18045 14737 11599 1468 15892 15891 15935 15936 15937 15566 2154 15877 11517 3685 2096 1476 2212 240 8701 1248 10114 15111 9209 10811 8166 4407 17658 12618 958 17346 13969 10907 4091 15596 12188 8286 5526 5721 5441 5493 5585 16676 14560 11939 11938 10232 10231 10285 10176 
5078.99 mins
7766.65 km
40.87 km
7725.78 km

12905 7270 8730 5522 17636 17867 20 
510.32 mins
149.44 km
29.21 km
120.23 km

17421 17563 17664 17823 17958 213 599 983 1036 1092 1093 1148 1149 1150 1190 1242 1243 1191 1192 1151 1094 1038 936 984 985 1095 1096 8324 8381 8475 8477 5248 8476 8430 8380 13320 18204 18262 7086 11896 13742 13743 13703 14027 14028 17067 623 3992 12361 3777 5526 8286 12188 15596 4091 10907 13969 17346 958 12618 17658 4407 8166 10811 9209 15111 10114 1248 8701 3910 4695 7209 8858 7699 12414 16687 2715 17222 17910 3842 3930 10770 9489 6219 17061 13658 
4758.67 mins
7366.56 km
23.70 km
7342.86 km

17264 4345 6117 6164 3576 787 651 383 17530 17343 17094 16851 16508 14872 7005 15725 15999 16308 16367 11899 11129 13383 16809 16948 17059 17250 17686 17779 18021 17738 17400 17584 17778 17848 16903 16195 14172 13805 13380 13464 13101 12684 12727 12366 11950 1230 16197 12026 11585 11689 16907 11324 10754 10294 2497 2065 2156 1739 1307 861 320 463 603 77 218 321 426 18186 17762 17283 16838 16399 15994 15550 15629 15171 14743 14853 14371 14464 14050 14096 13671 13782 13307 13400 13535 13627 12857 12938 13042 13199 13274 9288 6452 2088 12671 12740 5625 5138 5228 5335 5427 5528 4892 4944 5428 5666 5336 5576 5894 5577 5852 5989 6137 5758 6037 5667 5895 
2893.92 mins
2362.96 km
13.35 km
2349.60 km

10922 2082 17926 277 2530 10084 8756 2039 1947 8916 13617 7222 7036 6517 5727 4829 2929 18045 14737 11599 1468 15892 13141 9343 4287 3143 9744 17587 1542 1203 16711 10332 6014 2346 2232 2063 9111 3414 12915 14611 11436 10553 8377 7992 6120 2909 14424 12356 10705 10601 10071 
3276.79 mins
4459.08 km
18.83 km
4440.25 km

14403 16045 2910 6691 7771 607 7823 669 774 3446 8009 11447 14568 14721 7605 7645 10536 5971 11144 14238 9993 14763 16419 9315 15461 9314 9281 9280 10094 10266 11705 13852 14042 14363 14906 15747 15989 16393 
2268.76 mins
3551.68 km
10.51 km
3541.17 km

10752 2807 5796 5756 6176 9136 9251 8028 10483 9042 11736 8029 13721 2607 8030 15206 8073 10319 10503 11180 11514 616 1746 15822 3537 4377 5472 6028 6029 6872 7746 8664 9597 10394 10840 11215 11531 11772 12103 12554 13926 13505 12961 12144 12145 12146 12147 11947 
2113.00 mins
1999.16 km
13.09 km
1986.07 km

12371 10349 2992 13788 13448 10223 10335 10333 17360 17458 17361 13067 12979 6895 15690 13594 2432 17116 17366 14488 14224 13894 16781 1169 435 88 18200 18156 8181 4186 1575 1244 17038 3287 1155 17710 17082 6119 14045 7443 13494 3752 11094 12599 4336 4953 16717 13405 10780 11289 633 16473 11528 890 629 590 11874 6350 11001 1422 337 
4528.08 mins
6740.16 km
27.50 km
6712.66 km

14970 7831 7741 15245 18107 9421 17983 7396 2698 17603 17557 6970 16720 6496 6357 6358 5703 6921 8364 283 12167 12168 14830 11012 12343 12344 15326 16846 16798 16710 16583 6772 2807 5796 5756 6176 9136 9251 8028 10483 9042 11736 12089 16627 16918 11652 15701 16055 12654 13520 15180 11603 11664 11606 12130 
3318.87 mins
4043.86 km
16.45 km
4027.41 km

10057 7259 16138 16127 15997 14807 16460 7889 9188 17949 17597 12731 11765 2513 1996 17732 16003 14019 11900 10901 9691 7997 7157 5129 4758 4802 3092 2784 1380 1114 11487 475 18208 17937 8853 7469 6449 1791 876 17981 12520 18056 2853 15326 12344 10063 7873 4795 2998 17432 15843 14619 13802 10990 9653 8609 7886 6787 3014 2333 2174 2126 1825 1748 1469 1117 916 573 394 234 160 3 18161 18076 17495 16947 16859 16240 16152 15594 15056 14480 13974 13606 13181 12726 12365 11990 11907 11824 11689 16907 11324 10754 10294 10181 914 10074 10075 9659 9134 9049 8541 860 371 18139 17761 17282 16837 16398 15957 15549 15077 14588 14140 3706 13488 12782 12705 12004 11302 10509 10052 9789 8926 8517 5816 16014 17057 4480 4176 3971 3799 3750 2317 2898 998 3613 14258 16263 15761 15083 14328 13959 13309 6848 6812 6849 6813 6575 6486 5557 8920 16235 18195 17726 17340 73 15178 5304 9579 9385 8942 8655 8587 8656 5902 13031 456 9141 4540 
6171.70 mins
7331.52 km
21.89 km
7309.64 km

407 408 1679 12875 4155 4502 7022 3080 7069 10926 17988 17077 7068 7021 12607 7020 7937 18057 9142 15741 10789 1440 2000 3624 8763 15729 8505 15075 132 1446 10792 12426 17193 17555 5221 5611 12301 2555 16853 9687 2465 15427 14029 12694 674 6653 9126 10822 11768 14060 8270 15168 17389 18149 704 11366 2076 4976 2585 13071 8702 9231 17070 17259 294 542 921 1279 2182 2473 2798 3103 3500 3824 4201 4595 5990 6328 7331 7947 8814 9094 3869 688 10490 10658 10841 10805 11225 11224 11273 11271 11272 18245 4867 25 139 324 373 749 1098 1309 1539 1773 10021 2069 17933 10968 2582 3463 3465 3517 3650 4311 4568 5962 11483 6908 7866 8877 9831 13337 3555 1326 2333 3014 6787 7886 8609 9653 10990 13802 14619 15843 17432 2998 4795 7873 10063 12344 15326 2853 18056 12520 17981 876 1791 6449 7469 8853 17937 18208 475 11487 1114 1380 2784 3092 4802 4758 5129 7157 7997 9691 10901 11900 14019 16003 1215 3581 3857 14951 14208 15407 1385 2365 5520 5519 2123 1783 
8043.59 mins
10310.89 km
14.75 km
10296.14 km

9133 9008 10338 11023 11204 12633 13456 13206 12952 13637 13178 12752 14213 10895 17818 12571 17905 10172 10114 1248 8701 240 2212 1476 2096 3685 11517 15877 2154 15566 15937 15936 15935 15891 15892 4719 13639 11903 12104 15292 230 229 7436 11044 13030 14038 2959 11143 144 195 10360 12035 13519 16871 299 300 452 17608 
4110.82 mins
6964.22 km
12.45 km
6951.77 km

18172 948 12242 12198 13775 18008 6896 5122 3389 14694 13719 11014 7335 10428 16865 11807 2564 4697 9477 9406 9902 16975 872 4191 16884 13554 14429 14563 14620 17886 1377 6317 12763 7225 10601 10705 12356 17998 13596 7957 2553 5133 942 11748 17316 12618 17658 4407 8166 10811 9209 15111 10114 1248 8701 3910 4695 7209 8858 7699 12414 16687 2715 17222 17910 3842 3930 10770 9489 6219 17061 17173 17174 1639 17272 7351 9020 9704 10150 10309 14104 16437 15617 17268 17267 17322 1869 5192 1868 1867 1915 13075 9829 12392 7257 9052 8889 368 11487 1114 1380 2784 3092 4802 4758 5129 7157 7997 9691 9939 10559 10342 10119 1572 690 64 
7509.57 mins
11681.12 km
58.24 km
11622.88 km

5651 5519 5520 2365 1385 15407 14208 14951 3857 3581 1215 16003 14019 11900 10901 9691 7997 7157 5129 4758 4802 3092 2784 1380 1114 11487 475 18208 17937 8853 7469 6449 1791 876 17981 12520 18056 2853 15326 12344 10063 7873 4795 2998 17432 15843 14619 13802 10990 9653 8609 7886 6787 3014 2333 2174 2126 1825 1748 1469 1117 916 573 394 234 160 3 18161 18076 17495 16947 16859 16240 16152 15594 15056 14480 13974 13606 13181 12726 12365 11990 11907 11824 11689 16907 11324 10754 10294 10181 914 10074 10075 9949 9899 9448 9348 9249 9088 9009 8810 8952 8809 7423 8614 8192 8051 7577 7532 7242 6879 6501 6274 5890 5620 5375 5044 4589 4035 3775 3627 3337 3193 3062 2597 1519 1473 1223 1177 664 166 16370 6534 5737 5405 4841 8239 3432 2774 2506 9095 7541 7075 6594 5717 4984 2881 3199 2761 1756 868 16574 9762 
5976.15 mins
7092.89 km
29.62 km
7063.27 km

15372 4248 11967 7570 3595 3351 3405 2921 1531 1965 1966 1967 2014 1687 1570 1525 1398 1025 731 594 174 1163 12963 16736 13480 11994 8496 1321 17808 14511 9690 6219 9489 10770 3930 3842 17910 17222 2715 16687 12414 7699 8858 7209 4695 3910 8701 1248 10114 15111 9209 10811 8166 4407 17658 12618 958 17346 13969 10907 4091 15596 12188 8286 5526 5721 5441 5493 5585 16676 16718 16719 4356 16674 16675 18248 13727 5862 5999 6240 6287 6288 9913 14037 14129 14130 14131 1235 1294 1293 4710 17345 813 955 1508 2216 
5435.56 mins
8480.22 km
19.97 km
8460.25 km

9232 12507 12543 10898 12506 12418 12293 995 5210 7645 7605 14721 16064 8876 2338 3094 2912 9695 12869 16418 16556 1264 1325 8186 8283 8380 13320 18204 18262 6661 17170 17786 1571 2980 5585 7054 8205 14220 15577 6102 1039 2976 5630 6674 12034 14989 17552 488 12391 5717 6594 7075 7541 9095 2506 2774 3432 8239 4841 5405 5737 6534 16370 166 664 1177 1223 1473 1519 2597 3062 3193 3337 3627 3775 4035 4589 5044 5375 5620 5890 6274 6501 6879 7242 7532 7577 8051 8192 8614 7423 8809 8952 8810 9009 9088 9249 9348 9448 9899 9949 10075 10074 914 10181 10294 10754 11324 16907 11689 11824 11907 11990 12106 12471 12558 5347 5458 5593 6054 6525 6643 6718 6804 6907 6472 6564 6644 6719 6908 7039 7093 7304 8512 8560 8558 8559 8509 8513 8510 8511 11555 5658 12495 12625 12851 12895 13039 12450 13233 6130 6080 6272 6129 17085 17084 17083 1155 3287 17038 1244 1575 4186 8181 18156 18200 88 435 1169 16781 13894 14224 14488 17366 17116 2432 13594 15690 6895 12979 13067 17361 17458 17360 10333 10335 10223 10171 10422 14068 14521 17215 5612 13729 
9685.84 mins
13261.80 km
39.32 km
13222.48 km

14511 7392 7351 9020 9704 10150 10309 14104 16437 15617 17268 17267 17322 1869 5192 1868 1867 1915 13075 9829 12392 7257 9052 8889 368 11487 1114 1380 2784 3092 4802 4758 4376 2044 392 17397 1305 5237 5815 7719 6489 
3204.50 mins
5019.86 km
49.26 km
4970.60 km

10073 9238 14314 7857 12553 12467 9936 8045 7458 6497 12618 17658 4407 8166 10811 9209 15111 10114 4739 10113 10066 13189 2346 6014 
2023.28 mins
2789.99 km
41.11 km
2748.88 km

17629 6490 13665 977 17687 12466 16187 6218 5293 6314 10895 17818 12571 17905 10172 10114 1248 8701 240 2212 1476 2096 3685 11517 15877 2154 15566 15937 15936 15935 15891 15892 1468 11599 14737 18045 2929 4829 5727 12833 13504 13457 1944 1943 10068 1942 4464 9306 9365 9610 10257 10256 
3366.15 mins
5254.84 km
19.99 km
5234.86 km

17253 2128 13448 10223 10335 10333 17360 17458 17361 13067 12979 6895 15690 13594 2432 17116 17366 14488 14224 13894 16781 1169 435 88 18200 18156 8181 4186 4187 13455 7374 11549 10676 8917 17508 10362 5965 18178 18046 17997 17908 17603 17557 6970 16720 6496 6357 6358 5703 4883 4085 17850 9774 3053 3001 2999 2998 1172 3002 13305 4524 4919 4796 4623 4135 3852 4677 
4418.18 mins
5749.49 km
35.96 km
5713.53 km

1720 1269 1220 1122 822 440 198 441 347 18162 937 17740 237 576 1552 2122 1673 2361 4923 3577 5021 4488 8887 1611 1683 1730 4104 12113 13887 10350 15250 16517 8974 9170 9974 11343 13531 5422 9400 11389 15160 3842 5638 16238 17396 156 2461 13258 13228 13301 7949 12605 4097 17052 
3219.28 mins
4116.48 km
18.35 km
4098.13 km

13701 15384 298 5450 7086 18262 6661 6732 6731 6783 10286 10232 10231 10285 10176 13370 13210 13130 13727 5862 5999 6240 6287 6288 9913 14037 14129 14130 14131 1235 1294 4828 7291 10810 10323 11741 13892 14634 8208 16565 11515 17947 3560 4461 1060 11930 11662 17900 17901 17904 18170 18127 491 840 1024 1612 1731 2805 2917 3155 3156 3107 3450 3734 4652 5185 5385 
2955.07 mins
3813.23 km
10.53 km
3802.70 km

6210 2747 14805 14748 1521 676 18122 18032 13738 12481 7287 6894 6893 3999 13991 7346 7347 2393 2347 2309 17268 15617 16437 14104 10309 10150 9704 9020 7351 17272 1639 17174 17173 17061 6219 9489 10770 3930 3842 17910 17222 2715 16687 12414 7699 8858 7209 4695 3910 8701 1248 10114 15111 9209 10811 8166 4407 17658 12618 958 17346 13969 10907 4091 15596 12188 8286 5526 5721 5441 5493 5585 16676 16718 16719 4356 16674 16675 18248 13727 13094 5272 314 17660 17700 60 17788 17820 2673 10091 10012 16826 16740 16609 16283 16030 15264 14894 14893 17484 6237 14758 2926 14189 11412 
6606.28 mins
10885.30 km
29.38 km
10855.91 km

6477 6690 7043 7447 7558 2730 7645 7605 14721 16064 8876 2338 3094 2912 9695 12869 16418 16556 1264 1325 8186 8283 8380 13320 18204 18262 7086 11896 13742 13743 13703 14027 14028 17067 623 3992 12361 3777 5526 8286 12188 15596 4091 10907 13969 17346 958 12618 17658 4407 8166 10811 9209 15111 10114 1248 8701 12102 6209 5243 16208 16207 16461 8645 11036 1485 12691 1484 18157 4047 12113 13887 10350 15250 16517 8974 9170 9974 10267 9922 10934 2603 2472 1475 13438 7534 9251 9136 7960 772 827 2375 2685 364 7996 
5826.53 mins
9575.69 km
24.49 km
9551.20 km

3253 3013 555 14858 13368 2681 9015 3639 8390 3484 14587 17859 16961 13865 6038 1030 6814 6850 6813 6849 6812 6848 13309 13959 14328 15083 15761 16263 16302 17615 81 10278 3221 2159 1774 2072 2252 182 8058 2707 4220 4614 4841 5405 5737 6534 16370 166 580 917 1062 1608 17377 7208 3145 4642 4890 6939 8054 8437 8899 9246 1167 9739 10567 11220 12864 13317 14159 14476 11918 15049 15726 16052 16552 16755 17094 523 910 2034 3577 5021 4488 8887 1611 1683 1730 4104 12113 13887 10350 15250 16517 8974 9170 9974 11343 13531 13624 4664 
3681.00 mins
3713.30 km
5.72 km
3707.58 km

8646 17204 16781 1169 435 88 18200 18156 8181 4186 1575 1244 17038 3287 1155 17083 17084 17085 6129 6272 6080 6130 13233 12450 13039 12895 12851 12625 12495 5658 11555 8511 8510 8513 7188 6951 6805 6764 6010 5774 5399 5119 5003 4742 15639 4669 9106 12208 3568 3517 7285 3313 12220 187 3427 2896 2736 2620 2449 2319 2249 1849 1417 938 463 22 18140 17666 17610 17086 16653 16225 15823 15668 15667 13705 15627 15120 15077 14588 14140 3706 13488 12782 12705 12004 11302 10509 10052 9789 8926 8517 5816 16014 17057 4480 4176 3971 3799 3750 2317 2898 998 3613 14258 16192 16264 4586 14110 18108 
5210.38 mins
5910.70 km
44.77 km
5865.94 km

4900 11370 11409 12413 12984 13645 13702 15092 15862 16110 16529 16604 5651 5519 12227 12715 521 7680 4450 14862 14861 14806 14807 14805 14748 1521 676 18122 18032 13738 12481 7287 6894 3957 13941 
2872.31 mins
3890.92 km
29.87 km
3861.05 km

12050 17881 10156 1442 11051 6790 18063 18147 18099 18192 18148 18149 18100 12014 18064 17929 18253 18065 142 467 806 609 193 520 18254 18101 17802 5856 6332 6713 6375 6282 6555 6281 5994 6513 6331 6186 6041 5855 5383 5266 4947 6862 13946 5814 17992 17604 14138 4073 5334 2246 16248 6485 14690 11545 9493 9907 10492 9454 2995 606 561 605 268 16264 16192 16263 16302 17615 81 10278 3221 2159 1774 2072 2252 182 8058 2707 4220 4614 4841 5405 5737 6534 16370 166 444 665 289 666 2341 2132 2639 2720 2687 2561 2469 3238 3864 3776 3629 3543 3398 3288 3194 3818 4499 4335 4693 5045 5330 5414 
3740.19 mins
3010.61 km
35.35 km
2975.25 km

1510 3369 7600 6128 3202 10096 10095 15582 14792 14791 17089 15387 15485 3559 3832 4115 4458 4824 14226 1126 2590 7433 8160 9057 11698 11543 2928 13005 222 188 16800 7335 10428 16865 11807 2564 4697 9477 9406 9902 16975 872 4191 16884 13554 14429 14563 
2806.00 mins
3942.00 km
41.79 km
3900.22 km

9430 16443 5007 8102 7781 4120 10089 8400 10261 4212 13254 16528 16649 10660 16604 5651 5519 5520 2365 1385 15407 14208 14951 3857 3581 1215 16003 14019 11900 10901 9691 7997 7157 5129 4758 4802 3092 2784 1380 1114 11487 368 8889 9052 7257 12392 9829 13075 1915 1867 1868 5192 1869 17322 17267 17268 15617 16437 14104 10309 10150 9704 9020 7351 17272 1639 17174 17173 17061 6219 9489 10770 3930 3842 17910 17222 2715 16687 12414 7699 8858 7209 4695 3910 8701 1248 10114 15111 9209 10811 8166 4407 17658 12618 958 17346 13969 10907 4091 15596 12188 8286 5526 3777 12361 3992 623 17067 14028 14027 13703 13743 13742 11896 7086 18262 18204 13320 8380 8283 8186 1325 1264 16556 16418 12869 9695 2912 2177 1635 14568 11447 8009 3446 774 669 15648 7574 17415 
8468.99 mins
14302.96 km
27.77 km
14275.19 km

16988 16953 3178 13772 17007 676 18122 18032 13738 12481 7287 6894 6893 3999 13991 7346 7347 2393 2347 2309 17268 15617 16437 14104 10309 10150 9704 9020 7351 17272 1639 17174 17173 17061 6219 9489 10770 3930 3842 17910 17222 2715 16687 12414 7699 8858 7209 4695 3910 8701 1248 10114 15111 9209 10811 8166 4407 17658 12618 6497 
4461.74 mins
7226.38 km
38.74 km
7187.64 km

11488 6433 1945 9023 13504 12833 5727 4829 2929 18045 14737 11599 1468 15892 13141 9343 4287 3143 9744 17587 1542 1203 16711 10332 6014 2346 13189 10066 9331 1072 
2356.57 mins
3437.74 km
25.37 km
3412.38 km

4358 6108 7690 7722 5924 7723 537 538 539 483 720 581 10332 6014 2346 13189 10066 10113 4739 10114 10172 17905 12571 17818 10895 14213 12752 13178 13637 12952 13206 13456 12865 12864 11691 10802 10182 9485 8677 8812 8902 9051 7849 7848 7797 7756 7630 7243 6832 6502 6132 6367 6035 5620 5303 
3444.33 mins
4594.87 km
39.87 km
4555.00 km

4676 13007 4747 4795 7873 10063 12344 15326 2853 18056 12520 17981 876 1791 6449 7469 8853 17937 18208 17148 16590 368 8889 9052 7257 12392 9829 13075 1915 1867 1868 5192 1869 17322 17267 17268 15617 9643 14474 17805 
2621.20 mins
4196.73 km
16.90 km
4179.83 km

13587 15450 14240 14701 14588 15077 15549 15957 16398 16837 17282 17761 18139 371 860 8541 9049 9134 9659 10075 10074 914 10181 10294 10754 11324 16907 11689 11824 11907 11990 12365 12726 13181 13606 13974 14480 15056 15594 16152 16240 16859 16947 17495 18076 18161 3 160 234 394 573 916 1117 1469 1748 1825 2126 2174 2333 3014 6787 7886 8608 8606 9190 11492 14340 9355 14026 15932 11315 13550 17850 4085 4883 5703 
2205.24 mins
1874.93 km
22.61 km
1852.32 km

4932 13408 13601 10647 9685 10374 2981 6463 6514 8824 9965 2207 5421 10036 2098 9830 9921 9968 10095 15582 16388 6803 16617 9695 12869 16418 16556 1264 1325 8186 8283 8380 13320 18204 18262 6661 17170 17786 1571 2980 5585 7054 8205 14220 15577 6102 1039 2976 5630 6674 12034 14989 17552 488 10743 12595 12744 12858 12945 14009 14414 15017 16890 17924 7814 15721 11474 17166 1245 1774 2159 3221 10278 5152 3223 4745 5240 5012 5212 5351 5734 5967 6303 6954 7360 8267 8747 9633 10217 10693 11344 11378 11379 11888 12385 12781 13084 13198 4400 13857 13951 14048 14494 14588 15077 15120 15627 13705 15667 15668 15823 15918 15993 16131 16226 16296 16399 16496 16579 16655 16795 16344 15919 15439 15044 
5286.01 mins
6586.44 km
29.01 km
6557.44 km

9945 9731 10383 10389 10390 10391 10392 10236 9594 8662 6923 6073 7642 6028 5472 4377 3537 15822 14928 2852 487 14069 13761 6232 8591 12430 12129 7979 
947.40 mins
517.75 km
15.74 km
502.01 km

6957 6694 6307 6017 5602 5242 5285 4914 4620 3892 3891 3662 2902 2901 14033 13812 6495 5802 2433 2432 17116 17366 14488 14224 13894 16781 1169 435 88 18200 18156 8181 4186 4187 13455 17654 16171 17655 18174 7623 7740 7739 18107 9421 14680 16553 13180 10118 6160 17163 
3230.03 mins
4448.77 km
31.46 km
4417.31 km

8867 5746 6369 7068 17077 17988 10926 7069 3080 7022 14192 14193 2491 2493 9280 9281 9314 15461 9315 16419 16420 16364 16363 13142 12869 16418 16556 1264 1325 8186 8283 8380 13320 18204 18262 7086 11896 13742 13743 13703 14027 14028 17067 623 3992 12361 3777 5526 8286 12188 15596 4091 10907 13969 17346 958 12618 17658 4407 8166 10811 9209 15111 10114 1248 8701 3910 4695 7209 8858 7699 12414 16687 2715 17222 17910 3842 3930 10770 9489 6219 17061 17173 17174 1639 17272 7351 9020 9704 10150 10309 14104 16437 15617 17268 2309 2347 2393 2392 11485 11484 
6161.01 mins
10788.76 km
14.40 km
10774.36 km

9733 9732 9338 9391 9441 9392 8598 8599 7839 7518 7521 7463 7464 7371 6785 5786 525 13231 570 285 10503 10319 8073 7816 6904 6202 11253 11113 10267 9974 9170 8974 16517 15250 10350 13887 12113 4104 1730 1683 1611 8887 4488 5021 3577 2034 910 523 17094 16755 16552 16052 15726 15049 11918 14476 14159 13317 12864 11220 10567 9739 1167 9246 8899 8437 8054 6939 4890 4642 3145 7208 17377 1608 1062 917 580 166 16370 6534 5737 5405 4841 4614 4220 2707 8058 182 2252 2072 1774 2159 3221 10278 81 17615 16302 16263 15761 15083 14328 13959 13309 6848 6812 6849 6813 6850 6211 3959 3164 745 12849 84 17770 10808 10809 11648 16136 14626 17483 12992 10810 7291 4828 1294 1293 12354 14359 12353 12394 12425 12301 5611 5221 6222 5063 15274 3512 794 14903 6689 16365 17365 2752 9341 7750 7698 8049 855 854 853 
6643.54 mins
7738.61 km
23.12 km
7715.49 km

149 15140 11527 11484 8040 4684 1867 1915 13075 9829 12392 7257 9052 8889 368 16590 17148 18208 17937 8853 7469 6449 1791 876 17981 12520 18056 2853 15326 12344 10063 7873 4795 2998 17432 15843 14619 13802 10990 9653 8609 7886 6787 3014 2333 1326 3555 13337 9831 8877 7866 6908 11483 5962 4568 4311 3650 3517 3465 3463 2582 10968 17933 2069 10021 1773 1539 1309 1098 749 373 324 139 25 4867 18245 11272 11271 11273 11224 11225 10805 10841 10658 10490 688 3869 9094 8814 7947 7331 6328 5990 4595 4201 3824 3500 3103 2798 2473 2182 1279 921 542 294 17259 17070 9231 8702 13071 2585 4976 2076 6067 1857 1858 1587 1374 378 329 
4615.99 mins
5439.36 km
22.83 km
5416.53 km

18248 17142 17178 18115 7003 8655 8942 9385 9579 5304 15178 73 17340 17726 18195 16235 8920 5557 6486 6575 6813 6849 6812 6848 13309 13959 14328 15083 15761 16263 16302 17615 81 10278 5152 3223 4745 5240 5012 5212 5351 5734 5967 6303 6954 7360 8794 9322 9377 9884 10371 10633 11053 11348 11521 11672 773 1128 1383 1518 1881 2224 2559 2789 3237 3682 4033 4333 4644 4938 5425 5793 6082 
2275.86 mins
2002.37 km
8.32 km
1994.06 km

10489 10182 10802 11691 12864 12865 13456 13206 12952 13637 13178 12752 14213 10895 17818 12571 17905 10172 10114 4739 10113 10066 13189 2346 6014 10332 581 720 483 539 16307 16469 15517 15415 15414 
2694.97 mins
4082.12 km
22.91 km
4059.21 km

13206 12952 13637 13178 12752 10069 8992 6818 7662 5573 5716 3398 3288 2689 2377 2093 1883 1678 1178 717 16858 17252 17206 17158 16987 16426 15513 15297 15060 
1467.02 mins
1230.10 km
18.34 km
1211.76 km

6821 6823 7518 7521 7463 7464 7371 6785 5786 4537 3439 11005 1080 3480 1270 3391 10813 7312 15188 10770 3930 3842 17910 17222 2715 16687 12414 7699 8858 7209 4695 3910 8701 1248 10114 15111 9209 10811 8166 7809 11681 9893 9847 8377 7992 6120 2909 14424 14615 
3078.52 mins
4558.05 km
15.13 km
4542.92 km

16148 15941 5657 3277 7203 17303 5999 5677 5449 5272 314 17660 17175 15635 15040 3638 14646 13578 13508 13230 11107 11177 11176 18155 11248 11292 11339 11373 11372 11413 10728 9872 9276 8687 8636 8069 6385 5113 4602 4661 3794 3793 3213 3171 3170 3169 3168 
1553.18 mins
1353.28 km
19.00 km
1334.27 km

1974 7317 14587 17859 16961 13865 6038 1030 6814 6850 6813 6575 6486 5557 8920 16235 18195 17726 17340 73 15178 5304 9579 9385 8942 8655 7003 18115 17178 17142 18248 16675 16674 4356 16719 16718 16676 5585 5493 5441 3694 3992 623 17067 14028 11130 8758 13977 13934 13694 10000 5944 7027 14004 13861 11567 7233 3180 222 188 5868 11751 5559 6796 6163 1953 6966 18037 
3906.12 mins
5248.80 km
34.94 km
5213.85 km

1055 2461 2593 6121 6123 6219 9690 14511 17808 1321 9503 3183 9755 2324 7737 8376 8943 9081 9186 7988 3293 3292 3291 17330 17647 11445 417 17143 5173 4056 7129 
1930.21 mins
1912.03 km
46.83 km
1865.21 km

1259 567 613 1996 
729.00 mins
145.55 km
53.39 km
92.16 km

613 438 18202 16361 17732 16003 14019 11900 10901 9691 7997 7157 5129 4758 4802 3092 2784 1380 1114 11487 368 8889 9052 7257 12392 9829 13075 1915 1867 1868 5192 1869 17322 17267 17268 15617 16437 14104 10309 10150 9704 9020 7351 17272 1639 17174 17173 17061 6219 9489 10770 3930 3842 17910 17222 2715 16687 12414 7699 8858 7209 4695 3910 8701 1248 10114 15111 9209 10811 8166 4407 17658 12618 958 17346 13969 10907 4091 15596 12188 8286 5526 3777 12361 3992 623 17067 14028 14027 13703 13743 13742 11896 7086 18262 18204 13320 8380 8283 8186 1325 1264 16556 16418 12869 9695 2912 2177 1635 14568 11447 8009 3446 774 13980 
6952.00 mins
11903.63 km
30.81 km
11872.82 km

17792 15390 12536 11798 5239 4072 3428 1200 16499 16498 16543 16542 11617 11306 10596 10059 9718 8696 14862 709 11068 1284 1090 1073 18083 17597 12731 11765 2513 1996 17732 16003 14019 11900 10901 9691 7997 7157 5129 4758 4802 3092 2784 1380 1114 11487 475 18208 17937 8853 7469 6449 1791 876 17981 12520 18056 2853 15326 12344 10063 7873 4795 2998 17432 15843 14619 13802 10990 9653 8609 7886 6787 3014 2333 2174 2126 1825 1748 1469 1117 916 573 394 234 160 3 18161 18076 17495 16947 16859 16240 16152 15594 15056 14480 13974 13606 13181 12726 12365 11990 11907 11824 11689 16907 11324 10754 10294 10181 914 10074 10075 9659 9134 9049 8541 860 371 18139 17761 17282 16837 16398 15957 15549 15077 14588 14140 3706 13488 12782 12705 12004 11302 10509 10052 9789 8926 8517 5816 16014 17057 4480 4176 3971 3799 3750 2317 2898 998 3613 14258 16263 15761 15083 14328 13959 13309 6848 6812 6849 6813 6575 6486 5557 8920 16235 18195 17726 17340 73 15178 5304 9579 9385 8942 8655 8534 8588 1403 1404 14453 5657 15941 16148 
7307.93 mins
9215.48 km
26.84 km
9188.64 km

2785 14402 14842 14843 15355 15425 8283 8380 13320 18204 18262 7086 11896 13742 13743 13703 14027 14028 17067 623 3992 12361 3777 5526 8286 12188 15596 4091 10907 13969 17346 958 12618 17658 4407 8166 10811 9209 15111 10114 1248 8701 240 2212 1476 2096 3685 11517 15877 2154 15566 15937 15936 15935 15891 15892 4719 13639 11903 12104 2401 
4571.37 mins
7482.30 km
49.02 km
7433.28 km

9597 8664 7746 6872 6029 6028 5472 4377 3537 15822 1746 616 11514 11180 10503 10319 8073 7816 6904 6202 11253 11113 10267 9974 9170 8974 16517 15250 10350 13887 12113 4047 18157 1484 12691 1485 11036 8645 16461 16207 14776 
2132.33 mins
2317.37 km
18.53 km
2298.84 km

6087 5626 5987 6177 6422 6505 6740 7071 14098 13954 13821 13750 13672 13859 14372 14799 15321 15220 15585 15551 15393 15881 15757 16227 16656 16580 16973 16839 16795 16655 16579 16496 16399 16838 17283 17762 18186 426 321 218 77 603 463 320 861 1307 1739 2156 2065 2497 9740 10181 914 10074 10075 9949 9899 9770 9699 10122 10076 9995 9900 6578 9487 9250 9656 9488 9089 9010 8811 8542 8901 9193 8953 9295 9606 9483 9345 9194 9051 8902 8812 8677 9485 10182 10802 11691 12864 12865 13456 13206 12952 13637 13178 12752 14213 10895 17818 12571 17905 10172 10114 15111 9209 10811 8166 4407 17658 12618 17316 11748 942 6267 
3832.09 mins
4122.85 km
29.11 km
4093.74 km

2737 3465 3517 3650 4311 4568 5962 11483 6908 7866 8877 9831 13337 3555 1326 2333 3014 6787 7886 8609 9653 10990 13802 14619 15843 17432 2998 4795 7873 10063 12344 15326 16846 16798 16710 16583 6772 2807 5796 5756 6176 9136 9251 8028 10483 9042 11736 8029 13721 2607 8030 15206 8073 10319 10503 11180 11514 616 1746 15822 3537 4377 5472 6028 6029 6872 7746 8664 9597 10394 10393 10385 10906 
3145.49 mins
3258.57 km
9.47 km
3249.09 km

10445 16557 18119 9556 6152 5569 17546 17587 10775 10816 10935 11016 3685 2096 1476 2212 240 8701 12102 6209 5243 16208 16207 16461 8645 11036 1485 12691 1484 1438 1611 8887 4488 5021 3577 4923 2361 1673 2122 1552 576 237 17740 937 18162 347 441 198 440 97 18021 17738 17400 17584 17778 17848 16903 16195 16422 15847 14390 13929 13556 4536 6091 13607 13213 12802 12917 13023 12604 12150 12264 
3810.72 mins
5484.91 km
23.88 km
5461.03 km

3411 11886 1387 15363 1396 13780 12483 11535 12392 7257 9052 8889 368 16590 17148 18208 17937 8853 7469 6449 1791 876 17981 12520 18056 2853 15326 12344 10063 7873 4795 2998 17432 15843 14619 13802 10990 9653 8609 7886 6787 3014 2333 1326 3555 13337 9831 8877 7866 6908 11483 5962 5001 4474 3649 3516 3427 2896 2499 2067 1703 1199 989 748 262 18054 17712 17567 17126 17228 16795 16344 15919 15439 15044 14958 14464 14050 
3219.64 mins
3922.63 km
9.85 km
3912.78 km

2792 4549 4401 4599 8109 611 14666 5643 11676 9841 8575 8365 6398 2260 35 11284 9618 9154 8206 3919 457 11719 9516 8712 6920 4023 230 15292 12104 16337 16074 9556 6152 10183 2602 1019 539 16307 16469 15517 13810 17211 3324 14639 4711 1444 17954 14892 14230 12848 9108 6987 17537 17637 17683 17734 17536 2799 13554 16884 4191 872 16975 9902 9406 9477 4697 2564 11807 16865 10428 7335 11014 13719 14694 3389 5122 6896 18008 13775 12198 12242 948 
5762.09 mins
8870.35 km
33.43 km
8836.91 km

8852 9589 9588 16673 2647 6867 7790 6866 6822 7881 6868 6922 6924 6923 6073 7642 6028 5472 4377 3537 15822 1746 616 11514 285 570 13231 223 3439 11005 1080 3480 1270 3391 10813 7312 15188 10770 3930 3842 17910 17222 2715 16687 5542 5457 3216 2891 5844 11517 3685 
2833.74 mins
3371.49 km
36.43 km
3335.06 km

2789 2559 2224 1881 1518 1383 1128 773 11672 11521 11348 11053 10633 10371 9884 9377 9322 8794 7360 6954 6303 5967 5734 5351 5212 5012 5240 4745 3223 5152 10278 81 17615 16302 16263 15761 15083 14328 13959 13309 6848 6812 6849 6813 6850 6211 3959 3164 745 12849 84 17770 10808 10809 11648 16136 14626 17483 12992 10810 7291 4828 1294 1293 12354 14359 12353 12394 12425 7061 5655 4439 5006 17244 1322 10837 13300 7373 3985 3986 15050 9225 15770 15730 15772 15773 3743 15771 14715 13829 13657 13770 3135 13240 10767 14093 762 8055 15244 15102 17475 
4018.82 mins
4307.15 km
28.77 km
4278.38 km

4479 15771 3743 15773 15772 15730 15770 9225 15050 3986 3985 7373 13300 10837 1322 17244 5006 4439 5655 7061 12425 12394 12353 14359 12354 1293 1294 4828 7291 10810 12992 17483 14626 16136 11648 10809 10808 17770 84 12849 745 3164 3959 6211 6850 6813 6849 6812 6848 13309 13959 14328 15083 15761 16263 14258 3613 998 2898 2317 3750 3799 3971 4176 4480 17057 16014 5816 8517 8926 9789 10052 10509 11302 12004 12705 12782 13488 3706 14140 14588 15077 15549 15957 16398 16837 17282 17761 18139 371 860 8541 9049 9522 9949 10486 10993 16625 11442 11862 11950 12366 12727 13143 13556 4536 6091 
4048.73 mins
4458.10 km
22.86 km
4435.24 km

8598 8599 7839 7518 7521 7463 7464 7371 6785 5786 4537 3439 11005 1080 3480 1270 3391 10813 7312 15188 10770 3930 3842 17910 17222 2715 16687 12414 7699 8858 7209 4695 3910 8701 1248 10114 15111 9209 10811 8166 4407 17658 12618 958 17346 13969 10907 4091 15596 12188 8286 5526 5721 5441 5493 5585 16676 16718 16719 4356 16674 16675 18248 13727 13094 5272 314 17660 17700 60 17788 17820 2673 10091 10012 16826 16740 16609 16283 16030 15264 14894 14893 17484 6237 14758 2926 14189 11412 
4789.08 mins
7334.88 km
15.51 km
7319.37 km

10022 4922 2345 3917 2429 3152 3069 15593 1757 6686 838 8033 15553 7967 7968 13477 12444 7969 7970 7971 7972 7973 7974 7975 14953 7917 7976 9474 8348 8349 8296 4954 3255 2721 3364 3422 10707 10560 10559 9939 9691 7997 7157 5129 4758 4802 3092 2784 1380 1114 11487 368 8889 9052 7257 12392 9829 13075 1915 1867 1868 5192 1869 17322 17267 17268 15617 16437 14104 10309 10150 9704 9020 7351 17272 1639 17174 17173 17061 6219 9489 10770 3930 3842 17910 17222 2715 16687 12414 7699 8858 7209 4695 3910 8701 1248 10114 4739 10113 10066 13189 2346 2232 2063 9111 3414 3113 12071 12086 
6963.67 mins
10749.03 km
37.92 km
10711.11 km

250 16402 16401 11668 16622 16660 11002 17185 9117 15554 15759 17384 15885 15674 15961 16083 16184 15676 15677 15678 15679 15680 15132 14601 14602 14603 14604 15002 15003 15004 15005 14943 14944 14945 14946 14947 14948 9821 14949 14950 2567 3918 14951 3857 3581 1215 16003 14019 11900 10901 9691 7997 7157 5129 4758 4802 3092 2784 1380 1114 11487 475 18208 17937 8853 7469 6449 1791 876 17981 12520 18056 2853 15326 12344 10063 7873 4795 2998 17432 15843 14619 13802 10990 9653 8609 7886 6787 3014 2333 1326 3555 13337 9831 8877 7866 6908 11483 5962 4568 4311 3650 3517 3465 3463 2582 10968 17933 2069 10021 1773 1539 1309 1098 749 373 324 139 25 4867 18245 11272 11271 11273 11224 11225 10805 10841 10658 10490 688 3869 9094 8814 7947 7331 6328 5990 4595 4201 3824 3500 3103 2798 2473 2182 1279 921 542 294 17259 17070 9231 8702 13071 2585 4976 2076 11366 704 18149 17389 15168 8270 14060 11768 10822 9126 6653 674 12694 14029 15427 2465 9687 16853 2555 12301 5611 5221 17555 17193 12426 10792 1446 132 7322 
7204.83 mins
7940.35 km
21.19 km
7919.16 km

5931 17694 8759 8045 9936 12467 12553 7857 14164 11261 14569 15060 15297 15513 16426 16987 17158 17206 17252 17688 17852 8240 18078 11 289 665 444 580 917 1062 1384 1177 1223 1473 1519 2597 3062 3193 3337 3627 3775 4035 4393 4692 4938 5374 5424 5423 5571 5664 5753 16342 16445 16539 16129 16182 16254 16398 16495 16540 9415 17919 16578 16653 16794 16343 16446 15993 16131 16226 16296 16399 16496 16579 16655 16795 16839 16973 16580 16656 
3032.38 mins
2619.38 km
22.71 km
2596.68 km

4696 581 10332 6014 2346 13189 10066 10113 4739 10114 1248 8701 12102 6209 5243 16208 16207 16461 8645 11036 1485 12691 1484 18157 4047 12113 13887 10350 15250 16517 8974 9170 9974 10267 9922 10934 2603 2472 1475 13438 7534 9251 9136 7960 772 827 826 873 1272 1878 1877 2418 3019 3622 3678 4239 4096 4095 4094 13920 4093 4443 5092 5094 
3905.83 mins
5993.38 km
19.43 km
5973.95 km

7201 3226 6702 6409 9846 13684 14014 15836 16551 3322 3527 5122 3389 14694 13719 11014 7335 10428 16865 11807 2564 4697 9477 9406 9902 16975 872 4191 16884 13554 14429 14563 14620 17886 1377 6317 12763 7225 10601 10705 12356 17998 13596 7957 2553 5133 942 11748 17316 12618 17658 4407 8166 10811 9209 15111 10114 1248 8701 12102 6209 5243 16208 16207 16461 8645 11036 1485 12691 1484 18157 4047 12113 13887 10350 15250 16517 8974 9170 9974 10267 9922 10934 2603 2472 1475 13438 7534 9251 8028 171 11249 7178 7666 11222 10276 284 3506 15212 16490 8955 3688 
5502.25 mins
8782.14 km
9.96 km
8772.18 km

4470 4471 4472 4904 5275 4958 4905 6130 13233 12450 13039 12895 12851 12625 12495 5658 11555 8511 8510 8513 8509 8559 8558 8560 8512 7304 7093 7039 6908 6719 6644 6564 6472 6907 6804 6718 6643 6525 6054 5593 5458 5347 12558 12471 12106 11990 11907 11824 11689 16907 
2207.90 mins
2058.61 km
25.08 km
2033.53 km

14474 9643 15617 17268 17267 17322 1869 5192 1868 1867 1915 13075 9829 12392 7257 9052 8889 368 11487 1114 1380 2784 3092 4802 4758 4376 2044 392 17397 1305 5237 5815 7719 6489 6537 8317 
2632.77 mins
4612.67 km
26.76 km
4585.92 km

5833 13067 12979 12880 13839 13812 14033 2901 2902 3662 3891 3892 6699 14538 13718 3663 3524 3126 3052 11628 5288 3255 2721 3364 3422 10707 10560 10559 9939 9691 7997 7157 5129 4758 4802 3092 2784 1380 1114 11487 368 8889 9052 7257 12392 9829 13075 1915 1867 1868 5192 1869 17322 17267 17268 15617 16437 14104 10309 10150 9704 9020 7351 17272 1639 17174 17173 17061 6219 9489 10770 3930 3842 3843 11218 11217 7205 4383 6319 1365 9024 15937 15936 15935 15891 15892 4719 13639 11903 12104 16337 16074 9556 6152 10183 2602 1019 
6590.91 mins
10588.68 km
35.96 km
10552.72 km

10820 11055 11759 11806 11762 12338 12339 13004 13045 13755 14152 14603 14604 15002 15003 15004 15005 14943 14944 14945 14946 14947 14948 9821 14949 14950 2567 3918 14951 3857 3581 1215 16003 14019 11900 10901 9691 7997 7157 5129 4758 4802 3092 2784 1380 1114 11487 368 8889 9052 7257 12392 9829 13075 1915 1867 1868 5192 1869 17322 17267 17268 15617 16437 14104 10309 10150 9704 9020 7351 17272 1639 17174 17173 17061 6219 9489 10770 3930 3842 17910 17222 2715 16687 12414 7699 8858 7209 4695 3910 8701 1248 10114 15111 9209 10811 8166 4407 17658 12618 958 17346 13969 10907 4091 15596 12188 8286 5526 3777 12361 3992 623 17067 14028 14027 13703 13743 13742 11896 7086 18262 18204 13320 8380 8283 8186 1325 1264 16556 16418 12869 9695 2912 3094 2338 8876 16064 14721 7605 7645 5210 995 12293 12418 12506 10898 12543 12507 9232 1887 
8693.72 mins
14158.34 km
38.49 km
14119.85 km

6763 6524 6052 6151 6203 4734 2199 11417 11343 9974 9170 8974 16517 15250 10350 13887 12113 4047 18157 1484 12691 1485 11036 8645 16461 16207 16208 5243 6209 12102 8701 1248 10114 15111 9209 10811 8166 4407 17658 12618 958 17346 13969 10907 4091 15596 12188 8286 5526 3777 15358 2134 2099 1463 536 17499 13977 13934 13694 10000 5944 7027 14004 13861 11567 7233 3180 222 188 5868 11751 10863 128 
4753.57 mins
6796.67 km
41.20 km
6755.47 km

5439 13378 15590 6379 5143 4704 4253 4252 3873 3872 3452 3035 2882 2649 2240 1526 1342 784 363 175 124 9198 17498 1164 16852 1163 12963 16736 13480 11994 8496 1321 17808 14511 9690 6219 9489 10770 3930 3842 17910 17222 2715 16687 12414 7699 8858 7209 4695 3910 8701 1248 10114 15111 9209 10811 8166 4407 17658 12618 958 17346 13969 10907 4091 15596 12188 8286 5526 1540 12582 11342 7445 5407 7313 
4435.02 mins
6086.56 km
41.07 km
6045.49 km

2341 666 289 665 444 166 16370 6534 5737 5405 4841 4614 4220 2707 8058 182 2252 2072 1774 2159 3221 10278 81 17615 16302 16263 15761 15083 14328 13959 13309 6848 6812 6849 6813 6850 6211 3959 3164 745 12849 84 17770 10808 10809 11648 16136 14626 17483 12992 10810 7291 4828 1294 1293 12354 14359 12353 12394 12425 7061 5655 4439 5006 17244 1322 10837 13300 7373 3985 3986 15050 9225 15770 15729 8763 3624 3625 11522 2637 8978 514 15571 9832 14294 13239 4273 
4047.03 mins
4688.10 km
31.74 km
4656.36 km

9821 14949 14950 2567 3918 14951 3857 3581 1215 16003 14019 11900 10901 9691 7997 7157 5129 4758 4802 3092 2784 1380 1114 11487 368 8889 9052 7257 12392 9829 13075 1915 1867 1868 5192 1869 17322 17267 17268 15617 16437 14104 10309 10150 9704 9020 7351 17272 1639 17174 17173 17061 6219 9489 10770 3930 3842 3843 11218 11217 7205 4383 6319 1365 9024 15937 15936 15935 15891 15892 4719 13639 11903 12104 16337 16074 9556 6152 10183 2602 1019 1018 1017 537 7723 5924 7722 7690 6108 4358 1045 17613 15278 
6124.62 mins
10142.80 km
42.04 km
10100.76 km

13082 13115 1449 1533 8505 15075 132 1446 10792 12426 17193 17555 5221 5611 12301 2555 16853 9687 2465 15427 14029 12694 674 6653 9126 10822 11768 14060 8270 15168 17389 18149 704 11366 2076 4976 2585 13071 8702 9231 17070 17259 294 542 921 1279 2182 2473 2798 3103 3500 3824 4201 4595 5990 6328 7331 7947 8814 9094 3869 688 10490 10658 10841 10805 11225 11224 11273 11271 11272 18245 4867 25 139 324 373 749 1098 1309 1539 1773 10021 2069 17933 14535 9816 2578 2911 2920 18249 4313 4422 4742 5003 5119 5399 5774 6010 6764 6805 6951 7188 8513 8510 8511 11555 5658 12495 12625 12851 12895 13039 12450 13233 6130 6080 6272 6129 17085 17084 17083 1155 3287 17038 1244 1575 4186 8181 18156 18200 88 435 1169 16781 13894 14224 14488 17366 17116 2432 2433 5802 6495 13812 14033 15705 17165 6220 8033 8950 9317 9661 10328 11424 
7526.79 mins
9317.42 km
32.45 km
9284.97 km

17484 14893 16384 16920 12237 17870 13016 
738.22 mins
237.55 km
31.43 km
206.12 km

15059 17449 874 494 7467 2931 15696 9003 18014 959 1218 2044 392 17397 
1346.58 mins
1107.63 km
39.43 km
1068.20 km

8244 1407 5750 17909 17221 9444 8922 16387 15535 14649 15212 3506 284 10276 11222 7666 7178 11249 171 8028 9251 9136 6176 5756 5796 2807 6772 16583 16710 16798 16846 15326 12344 10063 7873 4795 2998 17432 15843 14619 13802 10990 9653 8609 7886 6787 3014 2333 1326 3555 13337 9831 8877 7866 6908 11483 5962 4568 4311 3650 3517 3465 3463 2582 10968 17933 2069 10021 1773 1539 1309 1098 749 373 324 139 25 4867 18245 11272 11271 11273 11224 11225 10805 10841 10658 10490 688 3869 9094 8814 7947 7331 6328 5990 4595 4201 3824 3500 3103 2798 2473 2182 1279 921 542 294 17259 17070 9231 8702 13071 2585 4976 2076 11366 704 18149 17389 15168 8270 14060 11768 10822 9126 6653 674 12694 7248 2284 12773 1368 10252 8472 4382 6136 
5161.33 mins
4709.26 km
10.44 km
4698.81 km

13329 17674 7949 13301 13228 13258 2461 156 17396 16238 5638 3842 17910 17222 2715 16687 12414 7699 8858 7209 4695 3910 8701 1248 10114 15111 9209 10811 8166 4407 17658 12618 958 17346 13969 10907 4091 15596 12188 8286 5526 3777 15358 2134 2099 1463 536 17499 13977 16600 9906 7218 6712 6552 3501 244 15106 14574 11872 17032 6638 8292 15562 14876 14750 3259 5955 
4547.17 mins
6030.43 km
41.10 km
5989.33 km

3957 3999 13991 7346 7347 2393 2347 2309 17268 15617 16437 14104 10309 10150 9704 9020 7351 17272 1639 17174 17173 17061 6219 9489 10770 3930 3842 17910 17222 2715 16687 12414 7699 8858 7209 4695 3910 8701 1248 10114 15111 9209 10811 8166 4407 17658 12618 958 17346 13969 10907 4091 15596 12188 8286 5526 3777 12361 3992 623 17067 14028 14027 13703 13743 13742 11896 7086 18262 18204 13320 8380 8283 8186 1325 1264 16556 16418 12869 13142 16363 16364 16420 16419 9315 15461 9314 9281 9280 9279 9278 9313 9312 2001 2051 2050 2049 10051 2048 1560 621 10123 14734 
6254.38 mins
10670.86 km
26.47 km
10644.38 km

13906 14285 14604 15002 15003 15004 15005 14943 14944 14945 14946 14947 14948 9821 14949 14950 2567 3918 14951 3857 3581 1215 16003 14019 11900 10901 9691 7997 7157 5129 4758 4802 3092 2784 1380 1114 11487 368 16590 16194 2397 5053 3076 2988 2989 7179 2990 10314 2935 2936 1594 2937 2938 2939 8715 2934 10377 10378 10379 10380 10386 10543 10795 10796 10750 10388 10383 10389 10390 10391 10392 10236 9692 9519 9595 9596 9597 8664 8665 7747 7748 7697 7517 6875 6876 6877 6705 7013 7014 1372 
3239.71 mins
3776.58 km
10.06 km
3766.52 km

2768 4778 4872 1734 12869 13142 16363 16364 16420 16419 9315 15461 9314 9281 9280 2493 2491 14193 14192 7022 3080 7069 10926 17988 17077 7068 7021 12607 7020 7937 18057 18002 18059 17969 1410 6436 6301 17354 17353 157 
2955.31 mins
4428.26 km
47.45 km
4380.80 km

5651 5519 5520 2365 1385 15407 14208 14951 3857 3581 1215 16003 14019 11900 10901 9691 7997 7157 5129 4758 4802 3092 2784 1380 1114 11487 368 16590 16194 2397 5053 3076 2985 7472 15837 5253 4585 7996 364 2685 2375 827 772 7960 9136 9251 7534 13438 1475 2472 2603 10934 9922 10267 9974 9170 8974 16517 15250 10350 13887 12113 4104 1730 1683 1611 8887 4488 5021 3577 4923 6354 8178 
4517.67 mins
6113.05 km
42.59 km
6070.46 km

5785 15454 1582 4844 18016 15830 9367 9020 8732 8117 15419 14780 11098 15632 9333 16177 5789 9236 16897 8399 14975 14673 13879 12601 12641 12679 12724 11635 11636 11634 11210 10750 10796 10795 10543 10386 10380 10379 9941 9588 9781 8823 8244 5635 13579 
1959.89 mins
1743.14 km
20.56 km
1722.57 km

15478 12124 680 17071 1026 15868 10102 2651 3245 3557 3831 4115 4459 4826 5726 5860 5996 6984 7150 18039 1585 11917 6670 14633 15466 7087 10212 13743 15423 16071 17226 18085 3694 5441 5493 5585 7054 8205 14220 15577 6102 1039 2976 5630 6674 12034 14989 17552 488 10743 12595 12744 12858 12945 14009 14414 15017 16890 17924 7814 15721 11474 17166 1245 1774 2159 3221 10278 5152 3223 4745 5240 5012 5212 5351 5734 5967 6303 6954 7360 8267 8747 9633 10217 10693 11344 11378 11379 11888 12385 12781 3804 17352 12935 13353 13487 14197 14369 14742 15217 15666 
4239.19 mins
4651.72 km
18.58 km
4633.14 km

2454 9524 13861 14004 7027 5944 10000 13694 13934 13977 8758 11130 14028 14027 13703 13743 13742 6661 6732 6731 6783 10286 10232 10231 10285 10176 13370 13210 13130 13727 5862 5999 6240 6287 6288 9913 14037 14129 14130 14131 1235 1294 1293 4710 17345 813 955 1508 2216 3477 3808 3937 4367 5025 5083 5082 5024 5467 5745 5875 5874 
3670.64 mins
4729.15 km
53.00 km
4676.15 km

6707 412 3448 5205 5381 7027 5944 10000 13694 13934 13977 17499 536 1463 2099 2134 15358 3777 5526 8286 12188 15596 4091 10907 13969 17346 958 12618 17658 4407 8166 10811 9209 15111 10114 1248 8701 12102 6209 5243 16208 16207 16461 8645 11036 1485 12691 1484 18157 4047 12113 13887 10350 15250 16517 8974 9170 9974 10267 9922 10934 2603 2472 1475 13438 7534 9251 9136 7960 772 827 
4480.76 mins
6830.72 km
25.94 km
6804.78 km

14004 7027 7218 6712 6552 7088 7087 15466 15418 
1096.71 mins
1301.30 km
28.21 km
1273.09 km

2635 2049 2050 2051 2001 3190 17699 3286 4286 4195 15306 3572 15642 15660 3981 3584 4977 3233 2979 48 3618 3119 6944 3017 2964 2874 9832 15571 514 8978 2637 11522 3625 3624 8763 15729 8505 15075 132 1446 10792 12426 17193 17555 5221 5611 12301 2555 16853 9687 2465 15427 14029 12694 7248 2284 12773 1368 8455 16940 10011 10897 13222 
3018.36 mins
3300.45 km
13.42 km
3287.03 km

11259 4882 8210 5513 14089 5923 6574 7196 15258 17243 11293 9179 17070 17259 294 542 921 1279 2182 2473 2798 3103 3500 3824 4201 4595 5990 6328 7331 7947 8814 9094 3869 688 10490 10658 10841 10805 11225 11224 11273 11271 11272 18245 4867 25 139 324 373 749 1098 1309 1539 1773 10021 2069 17933 10968 2582 3463 3465 3517 3650 4311 4568 5962 11483 6908 7866 8877 9831 13337 3555 1326 2333 3014 6787 7886 8609 9653 10990 13802 14619 15843 17432 2998 4795 7873 10063 12344 15326 2853 18056 12520 17981 876 1791 6449 7469 8853 17937 18208 475 11487 1114 1380 2784 3092 4802 4758 5129 7157 7997 9691 10901 11900 14019 16003 1215 3581 3857 14951 14208 15407 1385 2365 5520 5519 12227 12715 521 13334 110 2272 2521 2646 
5768.46 mins
6748.16 km
32.03 km
6716.12 km

17925 81 10278 5152 3223 4745 5240 5012 5212 5351 5734 5967 6303 6954 7360 8267 8747 9633 10217 10693 11344 11378 11379 11888 12385 12781 13084 13198 4400 13857 13951 14048 14494 14588 15077 15120 15627 13705 15667 15668 15823 16225 16653 17086 17610 17666 18140 22 463 938 1417 1849 2249 2319 2449 2620 2736 2896 3427 187 12220 3313 7285 3517 3568 12208 9106 4669 15639 4742 5003 5119 5399 5774 6010 6764 6805 6951 7188 8513 8510 8511 11555 5658 12495 12625 12851 12895 13039 12450 13233 6130 6080 6272 6129 17085 
3211.02 mins
3010.12 km
18.27 km
2991.85 km

8920 16235 18195 17726 17340 73 15178 5304 9579 9385 8942 8655 7003 18115 17178 17142 18248 16675 16674 4356 16719 16718 16676 5585 5493 5441 3694 18085 17226 16071 15423 13743 
1933.35 mins
2202.49 km
42.57 km
2159.92 km

2057 1726 1610 1279 921 542 294 17259 17070 9231 8702 13071 2585 4976 2076 11366 704 18149 17389 15168 8270 14060 11768 10822 9126 6653 674 12694 14029 15427 6959 10734 14714 3263 3139 1010 8837 13260 777 
1398.27 mins
1109.38 km
18.88 km
1090.51 km

13254 16528 16649 10660 16604 5651 5519 5520 2365 1385 15407 14208 14951 3857 3581 1215 16003 14019 11900 10901 9691 7997 7157 5129 4758 4802 3092 2784 1380 1114 11487 368 8889 9052 7257 12392 9829 13075 1915 1867 1868 5192 1869 17322 17267 17268 15617 16437 14104 10309 10150 9704 9020 7351 17272 1639 17174 
3643.05 mins
5887.80 km
30.35 km
5857.45 km

17063 8002 16811 16639 15997 14807 16460 7889 9188 17949 17597 12731 11765 2513 1996 17732 16003 14019 11900 10901 9691 7997 7157 5129 4758 4802 3092 2784 1380 1114 11487 475 18208 17937 8853 7469 6449 1791 876 17981 12520 18056 2853 15326 12344 10063 7873 4795 2998 17432 15843 14619 13802 10990 9653 8609 7886 6787 3014 2333 1326 3555 13337 9831 8972 9167 9876 10321 10320 
3681.11 mins
5293.05 km
6.76 km
5286.29 km

13459 91 6730 6783 10286 10232 11938 11939 14560 16676 5585 5493 5441 5721 5526 8286 12188 15596 4091 10907 13969 17346 958 12618 17658 4407 8166 10811 9209 15111 10114 1248 8701 3910 4695 7209 8858 7699 12414 16687 2715 17222 17910 3842 15160 11389 1105 923 10798 
3665.94 mins
6376.24 km
23.59 km
6352.66 km

11305 10696 10058 10060 10057 7259 16138 16127 15997 14805 14748 1521 676 18122 18032 13738 12481 14829 4881 18145 17800 11429 15614 13988 12443 8620 
2320.28 mins
3194.92 km
35.39 km
3159.53 km

147 6803 16388 15582 14792 14791 17089 15387 15485 3559 3832 4115 4458 4824 14226 1126 2590 7433 8160 9057 11698 11543 2928 13005 222 188 16800 7335 11014 17565 7944 7171 2962 497 
1877.96 mins
2503.70 km
23.17 km
2480.53 km

6497 12618 958 17346 13969 10907 11077 10759 10758 10723 8958 13564 16202 3373 12034 14989 17552 7051 4529 9085 5698 5777 16774 5356 5408 5409 5466 5514 5556 5515 6441 6486 6575 6813 6850 6814 1030 6038 13865 16961 17859 14587 3484 8390 3639 9015 2681 13368 14858 555 3013 3253 1276 12178 10821 
3003.61 mins
3141.80 km
39.57 km
3102.23 km

14942 11249 171 8028 9251 7534 13438 1475 2472 2603 10934 9922 10267 9974 9170 8974 16517 15250 10350 13887 12113 4047 18157 1484 778 588 15022 12719 13574 7340 
1949.12 mins
1785.13 km
36.81 km
1748.32 km

17072 16567 16566 16564 16565 8208 14634 13892 11741 10323 10810 7291 4828 1294 1235 14131 14130 14129 14037 9913 6288 6287 6240 5999 5862 13727 13130 13210 13370 10176 10285 10231 10232 10286 6783 6731 6732 6661 18262 7086 7035 7087 7088 6552 3501 244 15106 15105 1776 12142 5979 11698 11543 2928 13005 222 188 16800 7335 11014 13719 14694 3389 5122 6896 18008 13775 12198 12242 948 18172 10879 
4387.53 mins
6626.24 km
24.40 km
6601.84 km

2993 9830 9921 9968 10095 15582 16388 6803 16617 9695 12869 16418 16556 1264 1325 8186 8283 8380 13320 18204 18262 6661 17170 17786 1571 2980 5585 7054 8205 14220 15577 6102 1039 2976 5630 6674 12034 14989 17552 488 12391 5717 6594 7075 7541 9095 2506 2774 3432 8239 4841 5405 5737 6534 16370 166 664 1177 1223 1473 1519 2597 3062 3193 3337 3627 3775 4035 4589 5044 5375 5620 5890 6274 6501 6879 7242 7532 7577 8051 8192 8614 7423 8809 8952 8810 9009 9088 9249 9348 9448 9899 9949 10075 10074 914 10181 10294 2944 3084 3174 3265 3426 3515 3603 3175 3217 3311 2895 2896 3427 187 12220 3313 7285 3517 3568 12208 9106 18256 18255 4313 4422 4269 14491 4788 5074 5075 5159 4270 3746 3569 3268 3466 3570 3651 3702 
5156.64 mins
6001.48 km
34.98 km
5966.50 km

16417 720 581 10332 6014 2346 13189 10066 10113 4739 10114 15111 9209 10811 8166 4407 17658 12618 958 17346 13969 10907 4091 15596 12188 8286 5526 5721 5441 5493 5585 16676 16718 16719 4356 16674 16675 18248 17142 17178 18115 7003 8655 8534 8804 9235 12714 
3754.11 mins
6063.20 km
51.64 km
6011.56 km

273 31 376 224 4659 191 192 564 466 2328 18192 18148 17389 15168 8270 14060 11768 10822 9126 6653 674 12694 14029 15427 2465 9687 16853 2555 12301 12425 12394 12353 14359 12354 1293 1294 1235 14131 14130 14129 14037 9913 6288 6287 6240 5999 5677 5449 5272 314 17660 17175 15635 15040 3638 16478 15963 4657 6971 286 9086 9767 3607 3714 
2871.02 mins
3410.68 km
10.19 km
3400.49 km

14131 1235 1294 4828 7291 10810 12992 17483 14626 16136 11648 10809 10808 17770 84 12849 745 3164 3959 6211 6850 6813 6849 6812 6848 13309 13959 14328 15083 15761 16263 14258 3613 998 2898 2317 3750 3799 3971 4176 4480 17057 16014 5816 8517 8926 9789 10052 10509 11302 12004 12705 12782 13488 3706 14140 14588 15077 15549 15957 16398 16837 17282 17761 18139 371 860 8541 9049 9134 9659 10075 10074 914 10181 10294 10754 11324 16907 11689 11824 11907 11990 12365 12726 13181 13606 13974 14480 15056 15594 16152 16240 16859 16947 17495 18076 18161 3 160 234 394 573 916 1117 1469 1748 1825 2126 2174 2333 3014 6787 7886 8609 9653 10990 13802 14619 15843 17432 2998 4795 7873 10063 12344 15326 2853 18056 12520 17981 876 1791 6449 7469 8853 17937 18208 475 11487 1114 1380 2784 3092 4802 4758 5129 7157 7997 9691 10901 11900 14019 16003 1215 3581 3857 14951 14208 15407 1385 2365 5520 5519 5651 16604 10660 16649 16528 13254 4212 10261 8400 10088 9784 12342 
6881.58 mins
8656.15 km
25.32 km
8630.83 km

4590 3949 3288 3398 3543 3629 3776 3864 3238 2469 2561 2687 2720 2639 2132 2341 666 289 665 444 166 16370 6534 5737 5405 4841 4614 4220 2707 8058 182 2252 2072 1774 2159 3221 10278 81 17615 16302 16263 16192 16264 268 605 561 606 2995 9454 10492 9907 9493 11545 14690 6485 16248 2246 5334 4073 14138 17604 17992 5814 8934 1474 15965 3935 9751 1070 11662 17900 17901 17904 10221 17903 1986 17902 10988 10891 10945 10471 10025 9578 9079 8312 7985 8136 8135 8134 7656 7655 7617 7616 5273 7784 7924 8133 
3195.96 mins
2711.43 km
19.99 km
2691.44 km

3075 5485 11260 8385 13925 13924 13923 13922 13876 13827 13799 13764 13798 14640 15096 15038 11886 1387 15363 1396 13780 12483 11535 12392 7257 9052 8889 368 16590 17148 18208 17937 8853 7469 6449 1791 876 17981 12520 18056 2853 15326 12344 10063 7873 4795 2998 17432 15843 14619 13802 10990 9653 8609 7886 6787 3014 2333 1326 3555 13337 9831 8877 7866 6908 11483 5962 4568 4311 3650 3517 3465 3463 2582 10968 17933 2069 10021 1773 1539 1309 1098 749 646 558 427 18244 18143 18000 17524 17128 17003 16621 16497 16040 15585 15551 15393 15014 14911 
3657.74 mins
4297.79 km
16.38 km
4281.42 km

15188 7312 10813 7353 5730 13417 9481 9400 5422 13531 11343 9974 10267 9922 10934 2603 2472 1475 103 17500 15787 12569 3802 3181 17971 7925 2125 2247 16301 14888 13585 13867 14057 15502 15888 15763 11246 11728 11581 2622 10843 9442 8610 8808 9000 9129 8141 8226 8607 8539 7886 6787 3014 2333 1326 3555 13337 9831 8877 7866 6908 11483 5962 4568 4311 3650 3517 3465 3463 2582 10968 17933 2069 10021 1773 1539 1309 1098 749 373 324 139 25 4867 18245 11272 11271 11273 11496 11449 11497 11590 11695 11911 6107 11498 11033 11128 
4060.76 mins
4309.76 km
25.77 km
4283.99 km

12288 12289 12337 12290 12291 12292 12338 12339 13004 13045 13755 14152 14603 14604 15002 15003 15004 15005 14943 14944 14945 14946 14947 14948 9821 14949 14950 2567 3918 14951 3857 3581 1215 16003 14019 11900 10901 9691 7997 7157 5129 4758 4802 3092 2784 1380 1114 11487 368 8889 9052 7257 12392 9829 13075 1915 1867 1868 5192 1869 17322 17267 17268 15617 16437 14104 10309 10150 9704 9020 7351 17272 1639 17174 17173 17061 6219 9489 10770 3930 3842 17910 17222 2715 16687 12414 7699 8858 7209 4695 3910 8701 1248 10114 15111 9209 10811 8166 4407 17658 12618 958 17346 13969 10907 4091 15596 12188 8286 5526 3777 15358 2134 2099 1463 536 17499 13977 8758 
6507.97 mins
10055.06 km
24.70 km
10030.36 km

2543 2947 2897 2948 3517 3465 3463 2582 10968 17933 2069 10021 1773 1539 1309 1098 749 373 324 18187 13421 17474 17183 16751 16346 16042 15671 15552 15123 14800 14411 14098 7071 6740 6505 6422 6177 5987 5626 5258 4944 4593 4246 4817 4855 4452 4040 3727 3342 2970 2643 2181 1020 17894 17455 13885 12116 6106 17113 16911 16472 15946 15574 15464 6664 15197 14773 3485 14181 4748 14632 17630 13517 13331 10205 13250 12525 11093 8957 9146 9304 
1985.54 mins
1407.20 km
21.84 km
1385.36 km

6760 5062 4755 1784 1820 1819 149 148 7346 7347 2393 17322 1869 1870 315 18009 17733 16897 9236 5789 16177 9333 15632 527 3420 847 687 7759 4362 17271 
1940.19 mins
2404.19 km
37.01 km
2367.17 km

3415 4162 7454 152 18117 2352 5170 5293 6314 10895 17818 12571 17905 10172 10114 1248 8701 3910 4695 7209 8858 7699 12414 16687 2715 17222 17910 3842 3930 10770 9489 6219 17061 17173 17174 1639 17272 7351 9020 9704 10150 10309 14104 16437 15617 9643 
3224.29 mins
4499.11 km
41.89 km
4457.23 km

5027 6779 6778 13941 13991 7346 7347 2393 2347 2309 17268 15617 16437 14104 10309 10150 9704 9020 7351 17272 16214 16215 16216 16334 
1645.42 mins
2550.14 km
21.93 km
2528.21 km

6246 233 13915 158 7353 10813 7312 15188 10770 3930 3842 17910 17222 2715 16687 12414 7699 8858 7209 4695 3910 8701 1248 10114 15111 9209 10811 8166 4407 17658 12618 958 17346 13969 10907 4091 15596 12188 8286 5526 3777 15358 2134 2099 1463 536 17499 13977 13934 13694 
3673.45 mins
5306.28 km
47.76 km
5258.52 km

16361 17732 16003 14019 11900 10901 9691 7997 7157 5129 4758 4802 3092 2784 1380 1114 11487 368 8889 9052 7257 12392 9829 13075 1915 1867 1868 5192 1869 17322 17267 17268 15617 16437 14104 10309 10150 9704 9020 7351 17272 1639 17174 17173 17061 6219 9489 10770 3930 3842 17910 17222 2715 16687 12414 7699 8858 7209 4695 3910 8701 1248 10114 15111 9209 10811 8166 4407 17658 12618 17316 11748 942 5133 2553 7957 13596 17998 12356 10705 10601 7225 12763 6317 1377 17886 14620 14563 14429 13554 16884 4191 872 16975 9902 9406 9477 4697 2564 11807 16865 10428 7335 11014 13719 14694 3389 5122 3527 3322 16551 15836 14014 13917 16288 1288 3945 
6947.52 mins
11281.70 km
45.16 km
11236.54 km

8104 7899 7488 7172 6460 6426 6041 5855 5383 5266 4947 6862 13946 5814 8934 1474 15965 3935 5702 5534 4461 3560 17947 11515 16565 8208 14634 13892 11741 10323 10810 7291 4828 1294 1235 14131 14130 14129 14037 9913 6288 6287 6240 5999 5862 13727 13130 13210 13370 10176 10285 10231 10232 10286 6783 6731 6732 6661 18262 7086 7035 17853 17418 
3247.76 mins
3951.58 km
27.91 km
3923.68 km

17716 17525 17799 4670 5483 6551 6373 6279 6138 6088 5530 6089 5578 12099 5950 6278 6591 2205 4785 6181 5990 6328 7331 7947 8814 9094 3869 688 10490 10658 10841 10805 11225 11224 11273 11271 11272 18245 4867 25 139 324 373 749 1098 1309 1539 1773 10021 2069 17933 14535 9816 2578 2911 2920 18249 4313 4422 4742 5003 5119 5399 5774 6010 6764 6805 6951 7188 8513 8510 8511 11555 5658 12495 12625 12851 12895 13039 12450 13233 6130 6080 6272 6129 17085 17084 17083 17125 15548 17082 6119 14045 7443 13494 3752 11094 12599 4336 4953 
4456.12 mins
4768.13 km
33.98 km
4734.15 km

7142 6369 7068 17077 17988 10926 7069 3080 7022 4502 4155 12875 1679 1477 1029 7505 7043 7447 7558 2730 7645 7605 14721 14568 11447 11448 7945 9208 15119 10967 14795 14796 14658 14539 14408 
2415.57 mins
3018.07 km
52.44 km
2965.63 km

16850 16412 13408 13601 10647 9685 10374 2981 3040 3070 3041 17100 3072 3071 2819 2860 17533 2993 3120 3369 3425 14517 14568 14721 7605 7645 2730 7558 7447 7043 5461 16034 15768 13696 4871 12324 12192 10526 9662 8864 8863 11071 5182 16764 
2856.67 mins
3718.05 km
23.02 km
3695.02 km

12011 11934 11812 11677 10983 10884 10870 15367 10826 10827 8457 10882 10825 10824 10823 12323 6653 674 12694 14029 15427 2465 9687 11859 9151 14923 8906 17192 14225 7125 13808 6689 16365 17365 2752 9341 7750 7698 8049 855 854 853 857 856 12190 12403 12562 12564 12563 7676 12598 6260 12839 12873 11693 
3131.36 mins
4082.99 km
31.69 km
4051.30 km

629 890 11528 16473 633 11289 10780 13405 16717 4953 4336 12599 11094 3752 13494 7443 14045 6119 17082 15548 17125 17083 17084 17085 6129 6272 6080 6130 4905 4958 5275 12398 6496 6357 6358 5703 6921 8364 283 12167 12168 14830 11012 12343 12344 15326 16846 16798 16710 16583 6772 2807 5796 5756 7514 1388 15787 17500 103 1475 2472 2603 10934 9922 10267 9974 11343 13531 5422 9400 11389 15160 3842 3930 10770 9489 6219 6123 6121 9582 931 2529 6752 6676 14674 9197 13726 15361 433 2120 6878 1993 2082 10922 10921 10004 9056 7110 6837 14769 10859 8109 611 14666 14665 3550 5650 13104 5181 5140 5263 5262 9140 9054 
7895.36 mins
12303.77 km
30.82 km
12272.95 km

544 8468 437 12180 12056 11897 6241 9022 12848 9108 6987 17537 17637 17683 17734 17773 1140 17886 14620 4417 4123 4266 17887 10334 15596 12188 8286 5526 5721 5441 5493 5585 16676 16718 16719 4356 16674 16675 18248 13727 5862 5999 6240 6287 6288 6337 6335 6336 12674 17305 17306 14937 13229 16501 17244 17246 17245 9308 17193 12426 5064 4955 741 14846 7595 14903 16063 780 859 16734 18165 11880 4556 11618 3327 1000 301 15312 
5978.91 mins
9718.36 km
32.71 km
9685.65 km

13458 13459 91 6730 6729 6728 6663 6662 17663 18044 18087 314 5272 5449 5677 5999 6240 6287 6288 9913 14037 14129 14130 14131 1235 1294 1293 12354 14359 12353 12394 12425 12301 2555 16853 9687 2465 15427 14029 12694 674 6653 9126 10822 11768 14060 8270 15168 17389 18149 704 11366 2076 2030 2407 6280 8447 3416 15693 16588 4432 
3518.63 mins
4038.85 km
45.09 km
3993.76 km

13818 13612 9117 15554 15759 17384 15885 15674 15961 16083 16184 15676 15677 15678 15679 15680 15132 14601 14602 14603 14604 15002 15003 15004 15005 14943 14944 14945 14946 14947 14948 9821 14949 14950 2567 3918 14951 3857 3581 1215 16003 14019 11900 10901 9691 7997 7157 5129 4758 4802 3092 2784 1380 1114 11487 368 8889 9052 7257 12392 9829 13075 1915 1867 1868 5192 1869 17322 17267 17268 15617 16437 14104 10309 10150 9704 9020 7351 17272 1639 17174 17173 17061 6219 9489 10770 3930 3842 17910 17222 2715 16687 12414 7699 8858 7209 4695 3910 8701 1248 10114 15111 9209 10811 8166 4407 17658 12618 17316 11748 942 5133 2553 7957 13596 17998 12356 10705 10601 7225 12763 6317 1377 17886 14620 14563 14429 13554 16884 4191 872 16975 9902 9406 9477 4697 2564 11807 16865 10428 7335 11014 13719 14694 3389 5122 3527 3322 16551 15836 14014 13684 9846 6409 6702 3226 3599 11792 17269 
8214.57 mins
13320.89 km
18.79 km
13302.10 km

6583 11896 13742 6661 6732 6731 6783 10286 10232 10231 10285 10176 13370 13210 13130 13727 5862 5999 6240 6287 6288 9913 14037 14129 14130 14131 1235 1294 1293 4710 17345 813 955 
2246.08 mins
2870.72 km
38.34 km
2832.38 km

5672 5532 5487 5433 5671 5385 5799 6281 5994 6513 6331 6186 6041 5855 5383 5266 4947 6862 13946 5814 17992 17604 14138 4073 5334 2246 16248 6485 14690 11545 9493 9907 10492 9454 2995 606 561 605 268 16264 16192 16263 16302 17615 81 10278 3221 2159 1774 2072 2252 182 8058 2707 4220 4614 4841 5405 5737 6534 16370 166 444 665 289 666 2341 2132 2639 2720 2687 2561 2469 3238 3864 3776 3629 3543 3398 3288 3194 3818 4499 4335 4693 4449 4317 3854 16187 6218 5293 6314 10895 17818 12571 17905 10172 10114 1248 8701 240 2212 1476 2096 3685 11517 15877 2154 15566 15937 15936 15935 15891 15892 4719 13639 11903 12104 15292 230 229 7436 11044 17935 17934 2957 6217 655 13513 
6162.30 mins
8461.09 km
21.75 km
8439.34 km

317 ms

446 ms
